TRIP
DATE 2020-07-21 
DECLINATION     0.00
DATA
1.16	3.0	221.41	9.99	7.537	>
3.0		84.53	0.95	8.147	>
3.0		91.77	4.78	8.473	>
3.0		130.25	0.21	11.099	>
3.0		149.86	2.50	12.390	>
3.0		158.55	3.09	16.026	>
3.0		167.09	-0.29	18.785	>
3.0		176.63	-2.62	19.829	>
3.0		175.34	2.97	6.516	>
3.0		184.73	3.06	4.848	>
3.0		190.45	6.67	2.393	>
3.0		243.44	6.60	3.278	>
3.0		257.66	14.92	15.373	>
3.0		291.98	3.12	12.074	>
3.0		310.64	1.36	11.364	>
3.0		74.50	2.55	4.758	>
3.0		80.40	5.14	6.083	>
3.0		93.61	-2.72	4.464	>
3.0		127.67	-1.47	5.336	>
3.0		165.09	0.38	7.752	>
3.0	3.1	165.34	0.42	15.330	>
3.1		338.26	2.50	8.720	>
3.1		311.28	4.00	6.028	>
3.1		265.93	-0.31	5.601	>
3.1		254.43	-2.78	10.316	>
3.1		236.46	-5.67	11.787	>
3.1		234.26	-7.52	5.982	>
3.1		212.55	-8.52	5.499	>
3.1		192.55	-8.01	4.131	>
3.1		306.20	0.84	3.209	>
3.1		327.78	0.85	3.447	>
3.1		317.98	81.73	4.540	>
3.1		355.59	44.40	5.403	>
3.1		358.11	22.28	8.338	>
3.1		356.44	15.45	11.976	>
3.1		352.07	-2.40	16.373	>
3.1		346.48	-8.07	14.274	>
3.1	3.2	187.15	-22.07	8.354	>
3.2		15.12	10.19	3.573	>
3.2		278.04	13.48	0.360	>
3.2		79.12	5.68	0.394	>
3.2		353.34	3.03	1.856	>
3.2		24.67	17.97	0.655	>
3.2		7.33	4.08	2.686	>
3.2		4.44	6.93	3.333	>
3.2		25.07	69.79	2.090	>
3.2		100.07	83.02	1.647	>
3.2		7.32	34.98	2.414	>
3.2		7.30	28.14	2.839	>
3.2	3.3	167.13	6.01	6.045	>
3.3		299.44	-5.97	1.328	>
3.3		335.79	-3.73	1.906	>
3.3		343.45	-2.38	6.230	>
3.3		349.67	-3.95	5.903	>
3.3		354.40	-4.43	5.369	>
3.3		356.24	-3.65	4.021	>
3.3		359.72	-1.40	0.205	>
3.3		1.89	-10.32	2.372	>
3.3		20.03	-69.05	0.637	>
3.3		263.31	44.52	1.432	>
3.3		310.47	34.79	1.385	>
3.3		333.99	14.24	1.670	>
3.3		346.42	3.55	4.379	>
3.3		348.47	-0.22	7.558	>
3.3	3.4	199.81	2.80	6.838	>
3.3		265.74	0.77	1.185	>
3.3		235.41	-0.26	1.737	>
3.3		230.98	2.29	1.128	>
3.3		214.28	0.23	2.243	>
3.3		206.58	1.94	5.057	>
3.3		204.73	2.45	5.170	>
3.3		199.83	3.12	6.823	>
3.4		6.21	-3.05	1.619	>
3.4		7.28	-10.00	3.420	>
3.4		13.07	-6.78	4.520	>
3.4		79.45	76.98	3.295	>
3.4		29.14	68.77	3.993	>
3.4		19.35	56.86	3.119	>
3.4		23.81	37.16	2.344	>
3.4		22.56	8.96	2.100	>
3.4		24.06	-8.32	1.230	>
3.4		57.45	-70.65	0.634	>
3.4	3.5	164.20	-4.98	3.643	>
3.4		93.24	-7.64	1.948	>
3.4		125.79	3.99	2.112	>
3.4		131.82	-5.06	2.958	>
3.4		159.03	-4.66	3.914	>
3.4		166.29	0.12	0.949	>
3.4		161.96	-4.34	4.508	>
3.4		101.13	71.92	3.572	>
3.4		142.02	57.29	3.416	>
3.4		156.75	34.35	2.464	>
3.4		161.09	8.10	3.500	>
3.5		331.54	-68.17	1.129	>
3.5		31.94	-52.52	1.811	>
3.5		17.57	-44.38	4.319	>
3.5		9.61	-10.70	4.098	>
3.5		337.22	12.06	2.163	>
3.5		310.43	8.23	1.649	>
3.5		264.91	6.60	1.567	>
3.5		246.42	2.23	2.437	>
3.5		240.35	3.30	2.555	>
3.5		236.50	2.09	1.813	>
3.5		221.13	1.93	1.488	>
3.5	3.6	243.98	1.14	3.826	>
3.6		46.61	32.98	1.444	>
3.6		0.81	-3.96	0.998	>
3.6		327.78	-1.35	0.595	>
3.6		40.73	-8.07	0.997	>
3.6		76.40	-8.11	1.418	>
3.6		341.15	-79.19	0.924	>
3.6		39.85	-35.87	0.855	>
3.6		36.19	0.61	1.131	>
3.6		39.79	25.01	1.393	>
3.6		12.51	61.41	1.524	>
3.6		291.99	64.55	1.671	>
3.6	3.7	254.77	9.22	1.666	>
3.7		74.56	-1.98	1.537	>
3.7		94.42	-2.40	1.910	>
3.7		97.11	-2.56	3.196	>
3.7		108.54	-2.97	2.627	>
3.7		121.69	-3.84	2.551	>
3.7		136.10	-1.82	2.427	>
3.7		141.32	-1.47	3.147	>
3.7		278.95	2.29	2.676	>
3.7		266.29	4.09	2.369	>
3.7		241.42	6.38	1.908	>
3.7		218.90	1.87	1.651	>
3.7		198.79	5.22	2.416	>
3.7		191.03	74.89	1.243	>
3.7		84.40	43.51	0.960	>
3.7		141.79	-70.33	1.599	>
3.7		76.29	-43.92	1.641	>
3.7		71.25	-24.28	1.956	>
3.7	3.8	179.18	2.67	7.213	>
3.8		189.69	-2.04	3.983	>
3.8		225.12	-0.50	2.296	>
3.8		283.90	1.72	3.158	>
3.8		352.35	7.18	5.482	>
3.8		13.94	1.97	5.679	>
3.8		28.60	5.87	5.087	>
3.8		48.65	10.80	6.371	>
3.8		57.79	18.07	6.298	>
3.8		75.41	20.89	5.793	>
3.8		96.33	15.01	4.279	>
3.8		125.53	4.50	4.809	>
3.8		140.71	82.73	3.480	>
3.8		2.17	75.73	5.992	>
3.8		18.68	67.27	13.641	>
3.8		17.77	64.90	11.772	>
3.8		356.43	65.43	7.873	>
3.8		20.62	53.92	8.398	>
3.8		18.06	41.76	7.261	>
3.8		13.70	22.17	6.615	>
3.8		12.06	12.19	5.916	>
3.8		351.38	-78.03	1.351	>
3.8		15.97	-3.16	2.162	>
3.8		0.83	-7.67	5.152	>
3.8	3.9	176.57	-17.08	11.026	>
3.9	3.10	320.48	24.26	2.256	>
3.10		4.34	14.55	5.080	>
3.10		336.61	13.64	6.040	>
3.10		265.87	14.59	8.605	>
3.10		280.56	13.97	5.112	>
3.10		253.76	13.15	19.325	>
3.10		246.58	10.09	22.114	>
3.10		236.85	8.38	19.335	>
3.10		230.51	8.31	17.344	>
3.10		222.89	16.04	15.992	>
3.10		215.83	18.87	17.040	>
3.10		204.47	22.31	12.914	>
3.10		198.46	35.85	17.762	>
3.10		153.15	38.00	10.564	>
3.10		147.85	38.45	7.208	>
3.10		111.60	26.84	7.449	>
3.10		111.44	7.30	15.557	>
3.10		105.28	8.00	14.146	>
3.10		92.49	6.90	14.587	>
3.10		82.29	6.04	13.753	>
3.10		70.19	4.90	20.222	>
3.10		60.48	4.58	21.909	>
3.10		57.07	6.54	10.687	>
3.10		49.96	5.82	7.916	>
3.10		42.21	6.19	9.059	>
3.10		31.89	9.50	10.488	>
3.10		255.63	68.07	15.275	>
3.10		306.27	77.88	8.438	>
3.10		353.65	63.53	10.041	>
3.10		12.16	42.14	6.243	>
3.8		145.29	-2.37	23.286	>
3.8		139.09	-1.95	20.814	>
3.8		132.98	-3.47	19.848	>
3.8		156.94	-2.40	14.325	>
3.8		22.22	67.10	13.664	>
3.8		40.99	71.71	7.805	>
3.8		116.33	74.91	4.148	>
3.8		159.74	17.56	4.765	>
3.8		161.61	7.04	9.857	>
3.8		159.48	16.55	4.743	>
3.8		141.22	64.59	4.972	>
3.8		163.30	-57.55	6.168	>
3.8		162.56	-62.60	4.763	>
3.8		169.35	-44.95	8.762	>

PLAN
STATIONS
0.000	0.000	1.16
-4.910	-5.567	3.0
-1.030	-20.397	3.1
-1.993	-28.079	3.2
-0.654	-33.940	3.3
-2.969	-40.366	3.4
-1.981	-43.858	3.5
-5.419	-45.536	3.6
-7.006	-45.968	3.7
-6.903	-53.172	3.8
-6.273	-63.693	3.9
-7.582	-62.106	3.10
SHOTS
-6.273	-63.693	-7.582	-62.106
-7.582	-62.106	-7.210	-57.203
-7.582	-62.106	-9.912	-56.719
-7.582	-62.106	-15.888	-62.706
-7.582	-62.106	-12.459	-61.197
-7.582	-62.106	-25.650	-67.368
-7.582	-62.106	-27.561	-70.759
-7.582	-62.106	-23.597	-72.567
-7.582	-62.106	-20.826	-73.020
-7.582	-62.106	-18.041	-73.367
-7.582	-62.106	-17.021	-75.178
-7.582	-62.106	-12.530	-72.981
-7.582	-62.106	-12.140	-75.762
-7.582	-62.106	-3.823	-69.533
-7.582	-62.106	-4.578	-66.885
-7.582	-62.106	-1.402	-64.553
-7.582	-62.106	6.781	-67.746
-7.582	-62.106	5.931	-65.797
-7.582	-62.106	6.886	-62.736
-7.582	-62.106	5.971	-60.272
-7.582	-62.106	11.374	-55.278
-7.582	-62.106	11.422	-51.345
-7.582	-62.106	1.330	-56.335
-7.582	-62.106	-1.553	-57.039
-7.582	-62.106	-1.532	-55.435
-7.582	-62.106	-2.118	-53.323
-7.582	-62.106	-13.108	-63.522
-7.582	-62.106	-9.010	-61.058
-7.582	-62.106	-8.077	-57.658
-7.582	-62.106	-6.607	-57.581
-6.903	-53.172	-6.273	-63.693
-7.006	-45.968	-6.903	-53.172
-6.903	-53.172	-7.573	-57.096
-6.903	-53.172	-8.530	-54.792
-6.903	-53.172	-9.967	-52.414
-6.903	-53.172	-7.627	-47.781
-6.903	-53.172	-5.536	-47.663
-6.903	-53.172	-4.481	-48.729
-6.903	-53.172	-2.205	-49.038
-6.903	-53.172	-1.837	-49.981
-6.903	-53.172	-1.665	-51.809
-6.903	-53.172	-2.795	-53.628
-6.903	-53.172	-3.002	-55.958
-6.903	-53.172	-6.624	-53.513
-6.903	-53.172	-6.847	-51.696
-6.903	-53.172	-5.215	-48.180
-6.903	-53.172	-5.379	-48.417
-6.903	-53.172	-7.107	-49.905
-6.903	-53.172	-5.161	-48.543
-6.903	-53.172	-5.224	-48.023
-6.903	-53.172	-5.452	-47.220
-6.903	-53.172	-5.695	-47.517
-6.903	-53.172	-6.945	-52.895
-6.903	-53.172	-6.309	-51.097
-6.903	-53.172	-6.829	-48.067
-6.903	-53.172	6.344	-72.299
-6.903	-53.172	6.721	-68.892
-6.903	-53.172	7.590	-66.679
-6.903	-53.172	-1.297	-66.341
-6.903	-53.172	-4.892	-48.250
-6.903	-53.172	-5.296	-51.323
-6.903	-53.172	-5.935	-53.651
-6.903	-53.172	-5.330	-57.434
-6.903	-53.172	-3.816	-62.455
-6.903	-53.172	-5.309	-57.430
-6.903	-53.172	-5.567	-54.835
-6.903	-53.172	-5.952	-56.342
-6.903	-53.172	-6.246	-55.263
-6.903	-53.172	-5.757	-59.267
-5.419	-45.536	-7.006	-45.968
-7.006	-45.968	-5.525	-45.559
-7.006	-45.968	-5.103	-46.115
-7.006	-45.968	-3.838	-46.363
-7.006	-45.968	-4.519	-46.802
-7.006	-45.968	-4.840	-47.305
-7.006	-45.968	-5.324	-47.716
-7.006	-45.968	-5.040	-48.424
-7.006	-45.968	-9.647	-45.552
-7.006	-45.968	-9.364	-46.121
-7.006	-45.968	-8.671	-46.875
-7.006	-45.968	-8.042	-47.252
-7.006	-45.968	-7.781	-48.246
-7.006	-45.968	-7.068	-46.286
-7.006	-45.968	-6.313	-45.900
-7.006	-45.968	-6.673	-46.391
-7.006	-45.968	-5.858	-45.688
-7.006	-45.968	-5.318	-45.395
-1.981	-43.858	-5.419	-45.536
-5.419	-45.536	-4.539	-44.704
-5.419	-45.536	-5.405	-44.540
-5.419	-45.536	-5.736	-45.033
-5.419	-45.536	-4.775	-44.788
-5.419	-45.536	-4.055	-45.206
-5.419	-45.536	-5.475	-45.372
-5.419	-45.536	-4.975	-45.004
-5.419	-45.536	-4.751	-44.623
-5.419	-45.536	-4.611	-44.566
-5.419	-45.536	-5.261	-44.824
-5.419	-45.536	-6.085	-45.267
-2.969	-40.366	-1.981	-43.858
-1.981	-43.858	-2.181	-43.489
-1.981	-43.858	-1.398	-42.923
-1.981	-43.858	-1.049	-40.915
-1.981	-43.858	-1.309	-39.888
-1.981	-43.858	-2.800	-41.908
-1.981	-43.858	-3.223	-42.800
-1.981	-43.858	-3.531	-43.996
-1.981	-43.858	-4.213	-44.832
-1.981	-43.858	-4.198	-45.120
-1.981	-43.858	-3.492	-44.858
-1.981	-43.858	-2.959	-44.978
-0.654	-33.940	-2.969	-40.366
-2.969	-40.366	-2.794	-38.759
-2.969	-40.366	-2.542	-37.025
-2.969	-40.366	-1.954	-35.994
-2.969	-40.366	-2.239	-40.230
-2.969	-40.366	-2.265	-39.103
-2.969	-40.366	-2.404	-38.757
-2.969	-40.366	-2.215	-38.657
-2.969	-40.366	-2.173	-38.450
-2.969	-40.366	-2.473	-39.255
-2.969	-40.366	-2.792	-40.253
-2.969	-40.366	-1.041	-40.475
-2.969	-40.366	-1.260	-41.598
-2.969	-40.366	-0.773	-42.331
-2.969	-40.366	-1.573	-44.009
-2.969	-40.366	-2.744	-41.288
-2.969	-40.366	-1.577	-44.640
-2.969	-40.366	-1.881	-40.580
-2.969	-40.366	-1.833	-41.821
-2.969	-40.366	-2.166	-42.235
-2.969	-40.366	-1.846	-43.644
-1.993	-28.079	-0.654	-33.940
-0.654	-33.940	-1.804	-33.291
-0.654	-33.940	-1.434	-32.205
-0.654	-33.940	-2.427	-27.973
-0.654	-33.940	-1.710	-28.147
-0.654	-33.940	-1.176	-28.613
-0.654	-33.940	-0.917	-29.936
-0.654	-33.940	-0.655	-33.735
-0.654	-33.940	-0.577	-31.608
-0.654	-33.940	-0.576	-33.726
-0.654	-33.940	-1.668	-34.059
-0.654	-33.940	-1.519	-33.202
-0.654	-33.940	-1.364	-32.485
-0.654	-33.940	-1.680	-29.692
-0.654	-33.940	-2.165	-26.535
-0.654	-33.940	-1.836	-34.028
-0.654	-33.940	-2.084	-34.926
-0.654	-33.940	-1.530	-34.650
-0.654	-33.940	-1.917	-35.793
-0.654	-33.940	-2.915	-38.460
-0.654	-33.940	-2.815	-38.632
-0.654	-33.940	-2.965	-40.349
-1.030	-20.397	-1.993	-28.079
-1.993	-28.079	-1.076	-24.684
-1.993	-28.079	-2.340	-28.030
-1.993	-28.079	-1.608	-28.005
-1.993	-28.079	-2.208	-26.238
-1.993	-28.079	-1.733	-27.513
-1.993	-28.079	-1.651	-25.422
-1.993	-28.079	-1.737	-24.780
-1.993	-28.079	-1.687	-27.425
-1.993	-28.079	-1.796	-28.114
-1.993	-28.079	-1.741	-26.117
-1.993	-28.079	-1.675	-25.596
-4.910	-5.567	-1.030	-20.397
-1.030	-20.397	-4.257	-12.305
-1.030	-20.397	-5.549	-16.430
-1.030	-20.397	-6.617	-20.795
-1.030	-20.397	-10.956	-23.163
-1.030	-20.397	-10.806	-26.878
-1.030	-20.397	-5.844	-23.861
-1.030	-20.397	-3.956	-24.981
-1.030	-20.397	-1.919	-24.390
-1.030	-20.397	-3.619	-18.502
-1.030	-20.397	-2.868	-17.481
-1.030	-20.397	-1.467	-19.912
-1.030	-20.397	-1.327	-16.548
-1.030	-20.397	-1.284	-12.686
-1.030	-20.397	-1.747	-8.876
-1.030	-20.397	-3.286	-4.195
-1.030	-20.397	-4.335	-6.656
0.000	0.000	-4.910	-5.567
-4.910	-5.567	3.199	-4.791
-4.910	-5.567	3.530	-5.828
-4.910	-5.567	3.561	-12.738
-4.910	-5.567	1.306	-16.271
-4.910	-5.567	0.941	-20.462
-4.910	-5.567	-0.712	-23.877
-4.910	-5.567	-3.747	-25.341
-4.910	-5.567	-4.381	-12.053
-4.910	-5.567	-5.309	-10.392
-4.910	-5.567	-5.341	-7.904
-4.910	-5.567	-7.823	-7.023
-4.910	-5.567	-19.422	-8.742
-4.910	-5.567	-16.090	-1.055
-4.910	-5.567	-13.531	1.832
-4.910	-5.567	-0.330	-4.297
-4.910	-5.567	1.064	-4.557
-4.910	-5.567	-0.460	-5.848
-4.910	-5.567	-0.688	-8.827
-4.910	-5.567	-2.915	-13.058
POLYLINE BLACK
6.480	-71.960
6.255	-71.885
5.430	-71.285
4.755	-70.985
3.855	-70.310
3.480	-69.860
3.255	-69.710
3.030	-69.410
2.580	-69.110
2.355	-68.735
1.605	-68.210
1.005	-67.685
0.630	-67.235
0.180	-66.860
-0.195	-66.410
-0.645	-66.110
-1.545	-65.360
-2.070	-64.760
-2.370	-64.610
-2.520	-64.610
-2.820	-64.460
-2.970	-64.460
-2.820	-64.385
-2.670	-64.535
-2.520	-64.535
-2.370	-64.685
POLYLINE BLACK
6.555	-66.335
6.705	-66.335
6.780	-66.485
6.855	-67.535
6.780	-68.210
6.780	-68.585
6.705	-69.185
6.705	-69.935
6.780	-70.535
6.780	-71.060
6.555	-71.885
6.480	-72.035
POLYLINE BLACK
-0.995	-56.885
-1.245	-56.835
-1.995	-56.435
-2.545	-56.285
-3.145	-55.885
-3.245	-55.885
-3.295	-55.785
POLYLINE BLACK
-1.495	-56.735
-1.445	-56.835
-1.345	-56.835
-1.145	-56.985
-0.995	-57.035
-0.395	-56.985
0.155	-56.835
0.855	-56.435
1.005	-56.435
1.505	-56.085
2.055	-55.785
2.355	-55.535
2.955	-55.235
3.605	-54.785
4.205	-54.485
4.305	-54.485
4.955	-54.085
5.955	-53.585
6.455	-53.285
6.705	-53.285
7.155	-52.985
7.655	-52.835
8.255	-52.335
8.905	-52.085
9.255	-51.835
9.905	-51.635
10.355	-51.385
11.205	-51.335
11.405	-51.335
11.505	-51.385
POLYLINE BLACK
11.355	-51.385
11.405	-51.585
11.555	-52.035
11.805	-52.585
11.855	-53.135
11.905	-53.335
11.605	-54.185
11.255	-54.835
11.255	-54.985
11.005	-55.385
10.905	-55.635
10.755	-55.835
10.605	-56.085
10.055	-56.535
8.405	-58.185
8.055	-58.435
7.705	-58.785
7.505	-58.885
7.005	-59.385
6.455	-59.935
6.305	-60.235
6.305	-60.385
6.105	-60.785
6.005	-61.285
5.955	-61.485
5.705	-62.585
5.405	-63.585
5.305	-63.885
5.305	-64.135
5.255	-64.235
5.255	-64.835
5.305	-65.285
5.455	-65.735
POLYLINE BLACK
6.805	-62.485
6.255	-62.635
5.855	-62.635
5.705	-62.735
5.505	-63.135
5.405	-63.685
5.405	-63.885
5.355	-64.235
5.405	-64.585
5.705	-65.185
5.705	-65.335
5.855	-65.785
6.405	-66.835
6.455	-67.035
6.605	-67.485
POLYLINE BLACK
-4.645	-66.585
-4.545	-66.035
-4.345	-65.835
-4.245	-65.635
-3.795	-65.335
-3.245	-64.985
-2.995	-64.835
-2.595	-64.735
-2.395	-64.685
-2.195	-64.685
-1.645	-64.485
-1.545	-64.385
-1.445	-64.435
-1.245	-64.385
-1.145	-64.385
POLYLINE BLACK
-4.045	-69.185
-3.945	-69.285
-3.895	-69.085
-4.045	-68.285
-4.345	-67.735
-4.345	-67.635
-4.495	-67.435
-4.645	-66.735
POLYLINE BLACK
-16.945	-75.035
-17.045	-75.085
-16.845	-75.135
-15.845	-75.085
-14.895	-75.235
-14.295	-75.235
-13.545	-75.385
-13.045	-75.435
-12.395	-75.585
-12.045	-75.585
POLYLINE BLACK
-24.145	-72.685
-23.945	-72.735
-23.645	-72.635
-23.245	-72.635
-22.695	-72.735
-22.445	-72.835
-22.245	-72.735
-22.145	-72.785
-21.945	-72.735
-21.595	-72.735
-21.395	-72.685
-21.045	-72.685
-20.695	-72.635
-20.495	-72.735
-20.395	-72.685
-20.245	-72.735
-19.845	-72.735
-19.645	-72.835
-19.295	-72.835
-18.745	-72.985
-18.495	-72.985
-18.395	-73.035
-18.195	-73.035
-18.045	-72.985
-17.945	-73.085
-17.745	-73.085
-17.445	-73.185
-17.195	-73.635
-16.995	-74.085
-16.895	-74.635
-16.895	-74.935
-16.845	-75.035
POLYLINE BLACK
-15.345	-62.635
-15.545	-62.685
-15.695	-62.635
-15.995	-62.735
-16.595	-63.035
-16.795	-63.085
-17.195	-63.285
-17.345	-63.285
-17.645	-63.385
-17.995	-63.485
-18.245	-63.635
-18.545	-63.635
-19.345	-63.885
-19.495	-63.985
-19.695	-64.035
-20.645	-64.585
-21.795	-65.035
-21.895	-65.135
-22.195	-65.185
-22.495	-65.435
-22.945	-65.585
-23.245	-65.835
-23.595	-65.985
-23.795	-66.135
-24.995	-66.785
-25.295	-67.035
-25.595	-67.285
-25.845	-67.435
-26.395	-67.835
-26.745	-68.235
-27.195	-68.835
-27.545	-69.485
-27.645	-69.935
-27.695	-70.135
-27.395	-70.935
-27.195	-71.235
-26.945	-71.385
-26.695	-71.535
-26.495	-71.585
-25.995	-71.735
-25.895	-71.685
-25.545	-71.785
-25.345	-71.735
-25.245	-71.835
-25.045	-71.885
-24.745	-71.985
-24.245	-72.335
-24.045	-72.385
-23.895	-72.535
-23.695	-72.685
POLYLINE BLACK
-7.095	-56.935
-7.195	-56.935
-7.295	-57.035
-7.395	-56.935
-7.595	-56.985
-8.345	-56.785
-8.545	-56.785
-8.745	-56.735
-9.145	-56.785
-9.595	-56.685
-9.695	-56.735
-9.795	-56.685
-10.395	-57.385
-10.495	-57.635
-10.645	-57.835
-10.645	-57.935
-10.795	-58.135
-10.845	-58.385
-11.695	-59.685
-11.795	-60.035
-12.095	-60.535
-12.195	-61.035
-12.345	-61.185
-12.695	-61.385
-13.145	-61.485
-13.645	-61.735
-13.845	-61.785
-14.445	-62.085
-14.895	-62.185
-15.495	-62.485
-15.795	-62.535
POLYLINE BLACK
-5.735	-57.235
-5.765	-57.175
POLYLINE BLACK
-1.685	-51.775
-1.865	-51.985
-1.955	-52.195
-2.075	-52.375
-2.165	-52.585
-2.315	-52.735
-2.585	-53.065
-2.585	-53.125
-2.795	-53.455
-2.975	-53.815
-3.155	-54.475
-3.155	-54.955
-3.125	-55.075
-3.125	-55.285
-3.095	-55.435
-3.095	-55.675
POLYLINE BLACK
-4.475	-48.565
-4.475	-48.625
-4.325	-48.655
-4.145	-48.775
-4.055	-48.775
-3.995	-48.745
-3.665	-48.865
-3.545	-48.835
-3.395	-48.865
-3.275	-48.895
-3.095	-48.895
-2.945	-48.925
-2.675	-48.925
-2.435	-48.985
-2.375	-48.985
-2.045	-49.345
-1.955	-49.615
-1.955	-50.245
-1.925	-50.395
-1.895	-50.545
-1.865	-50.665
-1.865	-51.295
-1.805	-51.475
-1.805	-51.625
-1.775	-51.685
POLYLINE BLACK
-7.655	-47.785
-7.565	-47.875
-7.445	-47.905
-7.325	-47.905
-7.265	-47.875
-7.205	-47.905
-7.025	-47.785
-6.425	-47.785
-6.275	-47.815
-6.215	-47.785
-6.095	-47.815
-5.915	-47.815
-5.405	-47.965
-5.285	-47.995
-4.985	-48.205
-4.895	-48.205
-4.775	-48.295
-4.715	-48.295
-4.415	-48.535
-4.385	-48.595
POLYLINE BLACK
-12.755	-47.905
-12.815	-47.905
-12.875	-47.995
-12.845	-48.055
POLYLINE BLACK
-10.445	-53.125
POLYLINE BLACK
-10.130	-53.380
-10.160	-53.365
POLYLINE BLACK
-9.815	-53.620
POLYLINE BLACK
-9.485	-53.965
-9.515	-53.935
-9.560	-53.920
POLYLINE BLACK
-8.600	-54.595
-8.630	-54.595
-8.690	-54.550
-8.765	-54.520
-8.990	-54.340
-9.155	-54.205
-9.185	-54.160
POLYLINE BLACK
-7.490	-57.025
-7.460	-56.995
-7.475	-56.920
-7.595	-56.710
-7.685	-56.575
-7.715	-56.500
-7.775	-56.440
-7.970	-56.125
-8.135	-55.720
-8.135	-55.690
-8.225	-55.465
-8.225	-55.435
-8.255	-55.375
-8.255	-55.345
-8.285	-55.285
-8.300	-55.165
-8.360	-54.985
-8.360	-54.940
-8.435	-54.760
-8.465	-54.730
POLYLINE GRAY
-7.040	-48.400
-7.010	-48.460
-6.980	-48.460
-6.875	-48.295
-6.875	-48.145
-6.920	-48.085
-7.040	-48.040
-7.100	-47.995
-7.205	-47.875
-7.235	-47.875
-7.340	-47.935
-7.445	-48.085
-7.445	-48.115
-7.475	-48.175
-7.460	-48.250
-7.415	-48.310
-7.355	-48.355
-7.145	-48.445
-7.115	-48.475
POLYLINE GRAY
-6.890	-47.965
-6.890	-47.965
-6.875	-47.815
-6.890	-47.695
-6.950	-47.635
-7.055	-47.590
-7.190	-47.575
-7.250	-47.560
-7.340	-47.545
-7.400	-47.560
-7.415	-47.740
-7.340	-47.845
-7.220	-47.920
-7.085	-47.980
-7.025	-48.025
POLYLINE GRAY
-6.665	-47.350
-6.635	-47.335
-6.620	-47.305
-6.695	-47.350
-6.815	-47.365
-7.055	-47.425
-7.100	-47.425
-7.220	-47.470
-7.250	-47.500
-7.310	-47.500
-7.340	-47.485
-7.340	-47.425
-7.325	-47.395
-7.325	-47.185
-7.340	-47.155
-7.325	-47.125
-7.325	-47.080
-7.295	-46.990
-7.145	-46.780
POLYLINE GRAY
-6.575	-47.425
-6.560	-47.275
-6.530	-46.975
-6.530	-46.870
-6.590	-46.810
-6.740	-46.780
-6.950	-46.780
-7.085	-46.795
-7.115	-46.810
-7.130	-46.840
POLYLINE GRAY
-6.650	-47.350
POLYLINE BLACK
-9.230	-44.905
-9.200	-45.010
-9.230	-44.965
-9.320	-44.920
-9.530	-44.740
-9.800	-44.545
-9.830	-44.545
-9.890	-44.500
-9.920	-44.500
-9.935	-44.560
-9.935	-44.635
-9.890	-44.800
-9.890	-44.875
-9.995	-44.620
-10.010	-44.530
-9.950	-44.440
-9.725	-44.350
-9.605	-44.320
-9.560	-44.260
POLYLINE BLACK
-8.210	-44.890
-8.240	-44.905
-8.405	-44.710
-8.495	-44.605
-8.555	-44.590
-8.585	-44.590
-8.735	-44.455
-8.765	-44.455
-8.780	-44.485
POLYLINE BLACK
-7.865	-45.100
POLYLINE BLACK
-7.640	-45.220
-7.670	-45.205
POLYLINE BLACK
-7.400	-45.430
-7.430	-45.400
POLYLINE BLACK
-7.055	-45.610
-7.190	-45.520
POLYLINE BLACK
-6.980	-45.445
-7.010	-45.430
-7.040	-45.445
-7.070	-45.430
POLYLINE BLACK
-6.980	-45.775
-6.890	-45.700
-6.860	-45.700
-6.800	-45.670
-6.755	-45.670
-6.575	-45.550
-6.515	-45.475
-6.425	-45.400
-6.380	-45.340
-6.320	-45.325
-6.230	-45.235
-6.200	-45.235
-6.155	-45.175
-6.095	-45.160
-6.020	-45.145
-5.930	-45.100
-5.900	-45.100
-5.870	-45.085
-5.780	-44.965
POLYLINE GRAY
-9.710	-46.060
-9.740	-46.120
-9.785	-45.970
-9.800	-45.775
-9.800	-45.730
-9.815	-45.700
-9.815	-45.610
-9.845	-45.580
-9.845	-45.550
POLYLINE GRAY
-9.935	-46.345
-9.800	-46.165
-9.710	-46.030
-9.665	-45.910
-9.635	-46.105
-9.605	-46.135
-9.575	-46.135
POLYLINE GRAY
-9.560	-46.510
-9.560	-46.510
-9.545	-46.390
-9.545	-46.180
POLYLINE GRAY
-9.680	-46.825
-9.470	-46.450
-9.545	-46.780
-9.545	-46.825
POLYLINE GRAY
-9.275	-46.930
-9.260	-46.525
-9.260	-46.465
POLYLINE GRAY
-9.305	-47.215
-9.275	-47.050
-9.260	-46.900
-9.245	-46.870
-9.215	-46.855
-9.185	-46.885
-9.170	-47.035
-9.170	-47.125
-9.155	-47.155
POLYLINE GRAY
-8.840	-47.245
-8.825	-46.900
POLYLINE GRAY
-8.900	-47.665
-8.900	-47.620
-8.780	-47.260
-8.780	-47.290
-8.675	-47.530
POLYLINE GRAY
-8.525	-48.025
-8.510	-47.995
-8.495	-47.680
-8.495	-47.560
POLYLINE GRAY
-8.630	-48.280
-8.645	-48.310
-8.540	-48.100
-8.495	-48.055
-8.495	-48.025
-8.465	-47.995
-8.480	-48.025
-8.480	-48.160
-8.450	-48.250
-8.420	-48.280
POLYLINE GRAY
-8.150	-48.115
-8.180	-47.980
-8.180	-47.830
-8.195	-47.800
-8.195	-47.755
-8.180	-47.725
POLYLINE GRAY
-8.270	-48.415
-8.285	-48.385
-8.255	-48.325
-8.255	-48.295
-8.210	-48.175
-8.135	-48.085
-8.075	-48.205
-8.060	-48.310
-8.090	-48.445
-8.090	-48.475
POLYLINE GRAY
-8.000	-48.295
POLYLINE GRAY
-7.985	-47.125
-7.985	-47.155
-7.955	-47.185
-7.955	-47.215
-7.940	-47.275
-7.940	-47.440
-7.865	-47.875
-7.715	-48.415
-7.700	-48.490
-7.715	-48.520
POLYLINE GRAY
-8.690	-46.795
-8.675	-46.825
-8.645	-46.840
-8.630	-46.870
-8.450	-47.005
-8.330	-47.080
-8.300	-47.080
-8.240	-47.125
-8.135	-47.125
-8.045	-47.170
-8.015	-47.170
-7.895	-47.245
POLYLINE GRAY
-9.560	-45.535
-9.590	-45.595
-9.575	-45.655
-9.575	-45.685
-9.485	-45.850
-9.440	-45.880
-9.320	-46.045
-9.170	-46.225
-9.020	-46.360
-8.825	-46.600
-8.720	-46.765
-8.705	-46.810
-8.585	-46.960
POLYLINE BLACK
-5.360	-47.620
-5.315	-47.680
-5.315	-47.725
-5.255	-47.860
-5.120	-48.055
-5.120	-48.145
-5.105	-48.205
-5.105	-48.310
POLYLINE BLACK
-4.850	-47.245
-4.850	-47.185
-4.955	-47.200
-5.120	-47.320
-5.150	-47.425
-5.345	-47.680
-5.375	-47.740
-5.360	-47.770
POLYLINE BLACK
-3.830	-46.300
-3.965	-46.360
-3.995	-46.360
-4.115	-46.435
-4.175	-46.495
-4.235	-46.495
-4.265	-46.540
-4.295	-46.540
-4.355	-46.600
-4.415	-46.600
-4.565	-46.690
-4.625	-46.765
-4.655	-46.765
-4.730	-46.855
-4.760	-46.930
-4.880	-47.110
-4.880	-47.140
-4.910	-47.185
-4.910	-47.350
POLYLINE BLACK
-5.420	-45.535
-5.510	-45.580
-5.525	-45.640
-5.525	-45.715
-5.420	-45.865
-5.330	-45.940
-5.180	-45.985
-5.150	-45.985
-5.120	-46.015
-4.925	-46.075
-4.790	-46.120
-4.760	-46.120
-4.700	-46.135
-4.670	-46.135
-4.610	-46.120
-4.535	-46.135
-4.415	-46.165
-4.385	-46.165
-4.235	-46.225
-4.205	-46.225
-4.100	-46.270
-3.965	-46.270
-3.905	-46.285
-3.830	-46.285
-3.770	-46.300
POLYLINE GREEN
-2.515	-39.930
-2.555	-39.950
-2.595	-39.930
-2.575	-40.010
-2.435	-40.150
-2.395	-40.150
-2.335	-40.270
-2.315	-40.350
-2.075	-40.850
-2.075	-40.970
-2.055	-41.190
-2.055	-41.450
-2.075	-41.530
-2.075	-41.670
-2.115	-41.790
-2.135	-41.970
-2.175	-42.170
-2.175	-42.330
-2.315	-42.670
-2.475	-42.910
-2.515	-42.950
-2.515	-42.990
-2.695	-43.250
-2.755	-43.450
-2.815	-43.550
-2.835	-43.630
-3.115	-44.030
-3.175	-44.170
-3.355	-44.410
-3.415	-44.510
-3.475	-44.570
-3.535	-44.690
POLYLINE GREEN
-3.555	-44.550
-3.495	-44.490
-3.455	-44.530
-3.435	-44.490
-3.335	-44.430
-3.315	-44.470
POLYLINE BLACK
-5.395	-45.610
-5.355	-45.630
-5.095	-45.530
-5.055	-45.550
-4.795	-45.470
-4.755	-45.470
-4.715	-45.430
-4.575	-45.450
-4.415	-45.450
-4.075	-45.310
-3.835	-45.150
POLYLINE BLACK
-4.295	-44.690
-4.415	-44.690
-4.495	-44.710
-4.615	-44.710
-4.695	-44.730
-4.795	-44.710
-4.915	-44.710
-5.075	-44.630
-5.155	-44.610
-5.275	-44.570
-5.355	-44.510
-5.395	-44.530
-5.475	-44.510
-5.635	-44.610
-5.795	-44.870
-5.815	-44.950
-5.835	-45.030
POLYLINE BLACK
-3.895	-45.210
-3.875	-45.250
-3.755	-45.150
-3.635	-44.890
-3.435	-44.770
-3.355	-44.770
-3.275	-44.750
-3.195	-44.770
-3.115	-44.830
-3.035	-44.830
-2.955	-44.890
-2.855	-44.870
-2.775	-44.890
-2.715	-44.890
-2.595	-44.850
-2.515	-44.850
-2.395	-44.810
-2.315	-44.810
-2.235	-44.790
-2.155	-44.730
-2.115	-44.750
-2.035	-44.730
-1.995	-44.690
-1.915	-44.670
-1.855	-44.610
-1.775	-44.590
-1.695	-44.530
-1.655	-44.530
-1.595	-44.490
-1.515	-44.470
-1.475	-44.450
-1.455	-44.390
POLYLINE BLACK
-4.235	-45.050
-4.135	-45.150
-3.975	-45.270
-3.935	-45.270
-3.895	-45.310
POLYLINE BLACK
-4.295	-44.730
-4.215	-44.750
-3.915	-44.450
-3.755	-44.250
-3.575	-43.950
-3.515	-43.830
-3.515	-43.710
POLYLINE BLACK
-3.595	-43.870
-3.555	-43.870
-3.495	-43.750
-3.475	-43.650
-3.355	-43.390
-3.335	-43.310
-3.215	-43.030
-3.215	-42.990
-3.175	-42.950
-3.175	-42.910
-3.135	-42.870
-3.115	-42.790
-2.875	-42.330
-2.755	-42.170
-2.675	-41.950
-2.655	-41.850
-2.635	-41.770
-2.635	-41.530
-2.655	-41.450
-2.655	-41.270
-2.675	-41.190
-2.675	-41.110
-2.795	-40.790
-2.875	-40.670
-3.075	-40.490
-3.075	-40.350
-3.095	-40.270
-3.095	-39.970
-3.075	-39.770
-3.075	-39.490
-3.055	-39.410
-2.895	-38.590
-2.855	-38.410
-2.855	-38.350
POLYLINE GRAY
-1.475	-42.850
-1.395	-42.850
-1.275	-42.890
-1.235	-42.850
-1.195	-42.870
-1.055	-42.830
-0.975	-42.710
-0.955	-42.630
-0.915	-42.470
-0.895	-42.290
-0.895	-42.210
-0.875	-42.170
-0.895	-42.090
-0.955	-41.830
-1.015	-41.710
-1.135	-41.650
-1.315	-41.770
-1.435	-41.950
-1.455	-42.170
-1.475	-42.210
-1.475	-42.350
-1.435	-42.530
-1.435	-42.610
-1.395	-42.790
-1.315	-42.850
-1.155	-42.790
-1.115	-42.710
-1.015	-42.610
-0.975	-42.530
-0.975	-42.470
-0.935	-42.390
-0.935	-42.330
-0.915	-42.250
-0.915	-42.030
-0.995	-41.830
-1.155	-41.670
POLYLINE BLACK
-0.975	-42.530
-1.055	-42.550
-1.055	-42.550
-0.975	-42.510
-1.235	-42.530
-1.315	-42.590
POLYLINE BLACK
-1.615	-44.530
-1.575	-44.530
-1.515	-44.450
-1.435	-44.310
-1.395	-44.270
-1.195	-43.710
-1.175	-43.670
POLYLINE BLACK
-1.035	-42.090
-0.915	-42.090
-0.875	-42.070
-0.775	-42.170
-0.735	-42.350
-0.735	-42.550
-0.795	-42.770
-0.795	-42.830
-0.915	-43.170
-0.915	-43.250
-0.955	-43.450
-0.955	-43.490
-1.075	-43.770
-1.195	-43.950
-1.255	-44.050
-1.355	-44.170
-1.375	-44.210
POLYLINE BLACK
-1.135	-40.290
-1.095	-40.410
-1.095	-40.470
-1.035	-40.650
-0.975	-40.910
-0.975	-41.010
-0.935	-41.150
-0.935	-41.270
-0.915	-41.350
-0.915	-41.550
-0.895	-41.590
-0.895	-42.290
POLYLINE BLACK
-2.335	-40.070
-2.335	-40.130
-2.175	-40.170
-1.995	-40.250
-1.955	-40.230
-1.915	-40.270
-1.495	-40.410
-1.355	-40.430
-1.275	-40.410
-1.195	-40.390
-1.155	-40.410
POLYLINE BLACK
-0.395	-33.950
-0.495	-34.150
-0.575	-34.270
-0.715	-34.630
-0.715	-34.770
-0.835	-35.170
-0.935	-35.430
-0.995	-35.610
-1.155	-36.110
-1.275	-36.550
-1.335	-36.730
-1.595	-37.590
-1.635	-37.710
-1.715	-37.950
-1.895	-38.290
-2.035	-38.430
-2.175	-38.630
-2.335	-38.890
-2.395	-39.070
-2.395	-39.450
-2.375	-39.530
-2.375	-39.810
-2.295	-40.110
-2.255	-40.190
-2.255	-40.250
POLYLINE BLACK
3.085	-34.470
POLYLINE BLACK
-0.495	-31.760
-0.475	-31.940
-0.475	-32.700
-0.455	-32.740
-0.475	-32.780
-0.455	-32.880
-0.475	-33.040
-0.455	-33.180
-0.475	-33.260
-0.475	-33.340
-0.495	-33.440
-0.495	-33.560
-0.515	-33.660
-0.515	-33.780
-0.555	-33.920
-0.595	-34.060
POLYLINE BLACK
-1.635	-33.800
-1.615	-33.840
-1.895	-34.260
-2.035	-34.540
-2.055	-34.680
-2.075	-34.720
-2.075	-34.820
-2.095	-34.860
-2.095	-35.000
-1.975	-35.420
-1.915	-35.580
-1.915	-35.700
-1.895	-35.780
-1.955	-36.000
-1.955	-36.060
-1.995	-36.180
-2.115	-36.540
-2.195	-36.700
-2.275	-36.940
-2.415	-37.200
-2.495	-37.360
-2.855	-37.880
-2.935	-38.320
-2.935	-38.420
-2.915	-38.500
POLYLINE BLACK
-1.835	-33.140
-1.835	-33.340
-1.755	-33.720
-1.755	-33.820
-1.715	-33.920
POLYLINE BLACK
-2.815	-32.980
-2.735	-32.980
-3.015	-32.700
-3.015	-32.420
-3.035	-32.380
-3.015	-32.300
-2.995	-32.120
-2.975	-32.040
-2.915	-31.860
-2.855	-31.760
-2.835	-31.680
-2.655	-31.280
-2.655	-31.220
-2.555	-31.020
-2.535	-30.920
-2.415	-30.680
-2.375	-30.520
-2.315	-30.300
-2.315	-30.160
-2.295	-29.940
-2.295	-29.560
-2.275	-29.480
-2.275	-28.840
-2.295	-28.760
-2.295	-28.660
-2.335	-28.540
-2.335	-27.940
POLYLINE BLACK
-1.515	-32.120
-1.455	-32.060
-1.555	-31.940
-1.755	-31.940
-1.995	-32.240
-2.135	-32.440
-2.175	-32.540
-2.235	-32.600
-2.395	-32.840
-2.455	-32.880
-2.495	-32.880
-2.555	-32.960
-2.595	-32.940
-2.635	-33.000
-2.675	-33.000
POLYLINE BLACK
-1.615	-27.960
-1.475	-28.120
-1.395	-28.240
-1.375	-28.320
-1.235	-28.480
-1.175	-28.640
-1.175	-28.700
-1.135	-28.820
-1.075	-29.160
-0.975	-29.460
-0.935	-29.680
-0.935	-29.900
-0.915	-29.940
-0.935	-29.980
-0.895	-30.220
-0.875	-30.400
-0.755	-30.880
-0.755	-30.980
-0.735	-31.060
-0.695	-31.220
-0.655	-31.440
-0.655	-31.500
-0.595	-31.700
-0.555	-31.700
POLYLINE BLACK
-1.655	-27.980
POLYLINE BLACK
-1.775	-33.400
-1.815	-33.320
-1.815	-33.260
-1.795	-33.180
-1.775	-33.100
-1.735	-32.920
-1.715	-32.840
-1.575	-32.480
-1.555	-32.400
-1.455	-32.100
POLYLINE BLACK
-1.995	-24.280
-1.915	-24.360
-1.835	-24.540
-1.855	-24.720
-1.855	-24.980
-1.915	-25.200
-1.915	-25.300
-2.015	-25.680
-2.055	-25.820
-2.075	-25.900
-2.215	-26.300
-2.255	-26.580
POLYLINE BLACK
-1.535	-27.960
-1.555	-28.000
-1.595	-27.820
-1.695	-27.580
-1.695	-27.460
-1.615	-27.160
-1.615	-27.100
-1.535	-26.840
-1.535	-26.740
-1.415	-26.260
-1.415	-26.200
-1.335	-25.880
-1.335	-25.780
-1.175	-25.380
-1.115	-25.200
-0.995	-24.800
-0.935	-24.700
-0.915	-24.620
-0.875	-24.500
-0.875	-24.440
-0.855	-24.360
POLYLINE BLACK
-2.255	-28.060
-2.295	-28.080
-2.335	-28.040
-2.335	-27.920
-2.355	-27.780
-2.355	-27.560
-2.335	-27.480
-2.335	-27.340
-2.355	-27.260
-2.355	-27.040
-2.335	-26.960
-2.335	-26.880
-2.215	-26.440
POLYLINE BLACK
-0.705	-23.720
-0.755	-23.920
-0.955	-24.470
-0.955	-24.720
-0.705	-23.820
-0.655	-23.720
-0.705	-23.620
POLYLINE BLACK
-1.955	-24.220
-1.955	-24.320
-2.455	-24.670
-2.655	-24.820
-2.755	-24.820
-2.955	-24.970
-3.155	-25.020
-3.555	-25.120
-3.755	-25.070
-3.855	-24.970
-4.055	-24.970
-4.255	-24.720
POLYLINE GRAY
-0.505	-21.920
-0.255	-22.670
-0.205	-22.320
-0.405	-21.720
-0.605	-21.820
POLYLINE GRAY
-1.355	-20.570
-1.455	-20.520
-1.705	-20.670
-1.855	-21.020
-1.905	-21.370
-1.855	-21.470
POLYLINE GRAY
-0.205	-19.520
-0.305	-19.870
-0.105	-19.920
0.095	-19.770
POLYLINE GRAY
-0.055	-20.070
0.295	-19.520
0.195	-19.420
POLYLINE GRAY
-0.605	-22.120
-0.955	-22.470
-0.905	-22.570
-0.455	-22.420
POLYLINE GRAY
-1.755	-19.370
-1.055	-19.320
-1.005	-19.520
-1.055	-19.770
POLYLINE GRAY
-1.955	-19.570
-2.005	-19.720
-2.005	-20.070
-1.805	-20.120
-1.405	-19.820
POLYLINE GRAY
-0.655	-18.320
-0.555	-18.270
-0.305	-18.270
POLYLINE GRAY
-0.655	-18.170
-0.855	-18.470
-0.805	-18.820
-0.705	-18.820
-0.255	-18.470
POLYLINE GRAY
0.045	-18.570
-0.105	-18.770
-0.105	-18.870
-0.005	-18.920
0.595	-18.720
0.745	-18.470
0.495	-18.370
0.395	-18.420
POLYLINE GRAY
-0.955	-17.120
-1.055	-18.070
-0.955	-18.070
-0.155	-17.370
POLYLINE GRAY
0.545	-16.670
0.445	-16.620
0.545	-16.620
0.745	-16.820
0.745	-17.070
0.445	-17.320
POLYLINE GRAY
0.545	-16.720
0.295	-16.820
-0.055	-17.270
0.045	-17.370
0.295	-17.370
POLYLINE GRAY
-3.105	-19.320
-3.055	-19.220
-3.105	-19.020
-3.205	-19.070
-3.305	-19.470
-3.105	-20.320
-2.805	-20.870
-2.305	-21.620
-1.605	-22.570
-1.055	-23.070
-0.855	-23.220
-0.755	-23.220
-0.555	-23.470
POLYLINE GRAY
-2.005	-17.670
-2.055	-17.570
-1.805	-17.120
-1.505	-16.970
-1.205	-16.720
-0.055	-16.170
0.495	-15.970
0.845	-15.970
1.045	-15.870
1.145	-15.920
1.345	-15.870
1.445	-15.870
POLYLINE GRAY
-3.655	-18.570
-3.655	-18.370
-3.755	-18.470
-3.755	-18.670
-3.355	-18.970
-3.005	-19.020
-2.905	-18.970
-2.805	-19.070
-2.605	-19.020
-2.305	-18.820
-1.955	-18.270
-1.955	-17.970
-2.455	-17.220
-2.855	-17.020
-3.305	-17.320
-3.305	-17.420
POLYLINE GRAY
-3.105	-17.520
-3.405	-17.820
-3.805	-18.470
-3.655	-18.120
-3.105	-17.370
-3.105	-17.470
-3.505	-18.120
-3.555	-18.270
POLYLINE BLACK
-5.815	-23.910
-5.515	-24.210
-5.365	-24.360
-5.245	-24.390
-4.855	-24.540
-4.735	-24.630
-4.675	-24.630
-4.405	-24.720
-4.135	-24.750
-4.075	-24.720
POLYLINE BLACK
-6.535	-20.760
-6.865	-20.970
-7.315	-21.120
-7.405	-21.120
-8.035	-21.360
-8.155	-21.390
-9.145	-21.840
-9.535	-22.110
-9.745	-22.200
-9.985	-22.350
-10.255	-22.440
-10.495	-22.680
-10.765	-22.800
-11.155	-23.100
-11.215	-23.280
-11.185	-23.640
-11.125	-24.120
-11.125	-24.630
-11.095	-24.780
-11.065	-25.440
-10.915	-25.980
-10.915	-26.550
-10.825	-26.850
POLYLINE BLACK
-5.695	-23.820
-5.785	-23.910
-5.905	-23.880
-5.995	-23.880
-6.115	-24.000
-6.265	-24.090
-6.745	-24.480
-7.195	-24.750
-8.125	-25.470
-8.485	-25.800
-8.815	-25.950
-9.025	-26.100
-9.085	-26.190
-9.205	-26.220
-9.475	-26.370
-9.655	-26.430
-9.865	-26.550
-9.925	-26.550
-10.075	-26.640
-10.195	-26.670
-10.765	-26.940
POLYLINE BLACK
-5.335	-10.410
-5.365	-10.680
-5.395	-10.740
-5.395	-11.190
-5.425	-11.700
-5.395	-11.910
-5.395	-12.210
-5.185	-13.260
-5.155	-13.890
-5.185	-14.190
-5.215	-14.250
-5.245	-14.550
-5.305	-14.970
-5.305	-15.210
-5.395	-15.690
-5.395	-15.870
-5.425	-15.990
-5.425	-16.260
-5.485	-16.500
-5.515	-16.800
-5.575	-16.980
-5.635	-17.400
-5.635	-17.610
-5.665	-17.910
-5.725	-18.060
-5.725	-18.420
-5.785	-18.720
-5.875	-18.990
-6.115	-19.710
-6.265	-20.040
-6.295	-20.160
-6.385	-20.310
-6.595	-20.820
POLYLINE GRAY
-0.505	-4.200
-0.565	-4.200
-0.535	-4.080
-0.445	-3.960
-0.355	-3.810
-0.175	-3.660
-0.085	-3.660
-0.025	-3.600
0.185	-3.600
0.275	-3.570
0.395	-3.600
0.665	-3.570
0.785	-3.540
1.235	-3.420
1.355	-3.390
1.625	-3.360
2.405	-3.690
2.465	-3.660
2.615	-3.750
2.675	-3.750
2.735	-3.810
2.795	-3.810
3.125	-4.080
3.155	-4.140
2.975	-4.530
POLYLINE GRAY
-0.505	-4.200
-0.355	-4.380
-0.295	-4.380
-0.175	-4.470
0.065	-4.500
0.275	-4.500
0.395	-4.530
0.455	-4.500
0.695	-4.560
0.845	-4.560
1.055	-4.590
1.205	-4.590
1.265	-4.560
1.505	-4.620
1.655	-4.620
1.775	-4.650
2.045	-4.620
2.285	-4.590
2.495	-4.590
2.555	-4.620
2.825	-4.560
2.945	-4.530
3.155	-4.560
POLYLINE GRAY
-0.355	-8.760
-0.175	-8.640
0.095	-8.550
0.545	-8.370
0.725	-8.220
0.845	-8.160
1.085	-7.830
1.265	-7.710
1.355	-7.710
1.775	-7.440
1.835	-7.440
2.015	-7.200
2.015	-7.140
2.105	-7.020
2.105	-6.930
1.985	-6.540
1.925	-6.480
1.925	-6.390
1.745	-6.090
1.595	-5.940
1.325	-5.730
0.935	-5.490
0.755	-5.490
0.545	-5.550
0.455	-5.550
0.395	-5.520
0.095	-5.580
-0.025	-5.520
-0.085	-5.550
-0.145	-5.520
POLYLINE GRAY
-0.685	-8.850
-0.595	-8.670
-0.535	-8.250
-0.535	-8.040
-0.505	-7.920
-0.505	-7.710
-0.475	-7.410
-0.475	-7.200
-0.415	-6.780
-0.415	-6.660
-0.385	-6.540
-0.385	-6.060
-0.355	-5.940
-0.325	-5.670
-0.355	-5.610
-0.325	-5.550
-0.355	-5.430
-0.355	-5.370
POLYLINE GRAY
-0.385	-5.700
-0.445	-5.880
-0.415	-5.940
-0.445	-6.060
-0.415	-5.940
-0.385	-5.820
POLYLINE GRAY
-0.640	-3.795
-0.640	-4.170
-0.715	-4.020
-0.715	-4.170
-0.490	-4.620
POLYLINE BLACK
-16.315	-1.170
-16.015	-1.170
-15.465	-0.820
-14.265	0.530
-13.765	1.180
-13.415	1.830
-13.365	2.030
POLYLINE BLACK
-5.315	-10.170
-5.215	-10.170
-5.165	-9.620
-5.165	-8.970
-5.215	-8.720
-5.215	-8.220
-5.365	-7.820
-5.715	-7.370
-5.915	-7.320
-6.115	-7.320
-6.315	-7.120
-6.765	-7.070
-6.965	-7.070
-7.165	-7.020
-7.415	-7.120
-7.515	-7.070
-7.715	-7.120
-7.815	-7.120
-7.915	-7.020
-8.015	-7.020
POLYLINE BLACK
-19.665	-8.720
-19.465	-8.670
-19.215	-8.570
-18.715	-8.170
-18.015	-6.870
-17.765	-6.370
-17.615	-6.170
-17.465	-5.470
-17.365	-5.170
-17.365	-5.020
-17.115	-4.570
-17.065	-4.370
-16.565	-3.170
-16.415	-2.620
-16.115	-1.770
-16.065	-1.520
-15.965	-1.320
POLYLINE BLACK
0.910	-19.820
0.910	-20.170
0.660	-21.020
0.510	-21.420
0.360	-21.620
-0.040	-22.470
-0.340	-22.870
-0.690	-23.670
-0.690	-23.770
POLYLINE BLACK
3.910	-12.570
3.510	-12.820
3.160	-12.870
2.410	-13.720
2.210	-14.070
2.160	-14.270
2.060	-14.370
2.060	-14.520
1.760	-15.270
1.660	-15.670
1.210	-16.670
1.110	-17.170
1.060	-17.720
1.060	-18.020
1.010	-18.270
0.960	-18.720
0.960	-19.970
POLYLINE BLACK
3.260	-4.720
3.160	-4.670
3.160	-4.870
3.310	-5.220
3.460	-5.420
3.610	-5.670
3.760	-5.870
3.760	-6.020
3.960	-6.820
3.960	-7.070
4.060	-7.470
4.060	-9.270
4.010	-9.520
4.010	-10.370
3.960	-10.570
3.960	-10.720
3.860	-11.220
3.810	-11.670
3.810	-12.020
3.760	-12.220
3.760	-12.420
3.710	-12.620

ELEVATION
STATIONS
0.000	0.000	1.16
7.423	1.307	3.0
22.753	1.419	3.1
30.495	-1.720	3.2
36.507	-1.087	3.3
43.338	-0.753	3.4
46.968	-1.069	3.5
50.794	-0.993	3.6
52.439	-0.726	3.7
59.644	-0.390	3.8
70.184	-3.629	3.9
72.242	-2.702	3.10
SHOTS
70.184	-3.629	72.242	-2.702
72.242	-2.702	75.783	-1.426
72.242	-2.702	77.878	-1.278
72.242	-2.702	77.072	-0.534
72.242	-2.702	76.050	-1.468
72.242	-2.702	79.699	1.693
72.242	-2.702	78.303	1.171
72.242	-2.702	74.385	0.117
72.242	-2.702	72.269	-0.195
72.242	-2.702	70.227	1.717
72.242	-2.702	68.182	2.810
72.242	-2.702	67.013	2.200
72.242	-2.702	64.621	7.702
72.242	-2.702	64.122	3.802
72.242	-2.702	66.644	1.780
72.242	-2.702	66.418	0.661
72.242	-2.702	58.742	-0.724
72.242	-2.702	60.786	-0.734
72.242	-2.702	62.537	-0.950
72.242	-2.702	65.019	-1.256
72.242	-2.702	65.425	-0.975
72.242	-2.702	68.425	-0.952
72.242	-2.702	71.010	-1.484
72.242	-2.702	72.305	-1.899
72.242	-2.702	73.528	-1.725
72.242	-2.702	75.529	-0.971
72.242	-2.702	74.671	11.468
72.242	-2.702	73.959	5.548
72.242	-2.702	75.985	6.286
72.242	-2.702	75.108	1.487
59.644	-0.390	70.184	-3.629
52.439	-0.726	59.644	-0.390
59.644	-0.390	63.521	-0.532
59.644	-0.390	61.168	-0.410
59.644	-0.390	58.790	-0.295
59.644	-0.390	54.243	0.295
59.644	-0.390	54.155	-0.195
59.644	-0.390	55.237	0.130
59.644	-0.390	55.598	0.804
59.644	-0.390	56.576	1.563
59.644	-0.390	58.451	1.676
59.644	-0.390	60.266	0.718
59.644	-0.390	62.639	-0.013
59.644	-0.390	60.001	3.062
59.644	-0.390	58.169	5.417
59.644	-0.390	54.677	12.192
59.644	-0.390	54.912	10.271
59.644	-0.390	56.374	6.770
59.644	-0.390	55.041	6.397
59.644	-0.390	54.520	4.446
59.644	-0.390	53.714	2.106
59.644	-0.390	54.007	0.859
59.644	-0.390	59.366	-1.712
59.644	-0.390	57.578	-0.509
59.644	-0.390	54.540	-1.078
59.644	-0.390	78.966	-1.352
59.644	-0.390	75.564	-1.098
59.644	-0.390	73.364	-1.590
59.644	-0.390	72.895	-0.989
59.644	-0.390	54.752	12.197
59.644	-0.390	57.818	7.021
59.644	-0.390	60.137	3.615
59.644	-0.390	63.929	1.048
59.644	-0.390	68.971	0.818
59.644	-0.390	63.925	0.961
59.644	-0.390	61.326	4.101
59.644	-0.390	62.828	-5.595
59.644	-0.390	61.744	-4.619
59.644	-0.390	65.755	-6.580
50.794	-0.993	52.439	-0.726
52.439	-0.726	50.903	-0.779
52.439	-0.726	50.640	-0.806
52.439	-0.726	49.484	-0.869
52.439	-0.726	50.743	-0.862
52.439	-0.726	51.959	-0.897
52.439	-0.726	53.225	-0.803
52.439	-0.726	54.032	-0.807
52.439	-0.726	53.431	-0.619
52.439	-0.726	53.655	-0.557
52.439	-0.726	53.801	-0.514
52.439	-0.726	53.741	-0.672
52.439	-0.726	54.704	-0.506
52.439	-0.726	52.756	0.474
52.439	-0.726	51.752	-0.065
52.439	-0.726	52.720	-2.232
52.439	-0.726	51.257	-1.864
52.439	-0.726	50.659	-1.530
46.968	-1.069	50.794	-0.993
50.794	-0.993	49.638	-0.207
50.794	-0.993	50.395	-1.062
50.794	-0.993	50.925	-1.007
50.794	-0.993	49.888	-1.133
50.794	-0.993	49.423	-1.193
50.794	-0.993	50.788	-1.901
50.794	-0.993	50.161	-1.494
50.794	-0.993	49.794	-0.981
50.794	-0.993	49.643	-0.404
50.794	-0.993	50.357	0.345
50.794	-0.993	51.366	0.516
43.338	-0.753	46.968	-1.069
46.968	-1.069	46.558	-2.117
46.968	-1.069	46.131	-2.506
46.968	-1.069	44.391	-4.090
46.968	-1.069	43.332	-1.830
46.968	-1.069	44.868	-0.617
46.968	-1.069	45.985	-0.833
46.968	-1.069	48.422	-0.889
46.968	-1.069	49.400	-0.974
46.968	-1.069	49.513	-0.922
46.968	-1.069	48.764	-1.003
46.968	-1.069	48.337	-1.019
36.507	-1.087	43.338	-0.753
43.338	-0.753	41.765	-0.839
43.338	-0.753	40.049	-1.347
43.338	-0.753	38.880	-1.287
43.338	-0.753	43.117	2.457
43.338	-0.753	41.911	2.969
43.338	-0.753	41.633	1.859
43.338	-0.753	41.474	0.663
43.338	-0.753	41.265	-0.426
43.338	-0.753	42.124	-0.931
43.338	-0.753	43.175	-1.351
43.338	-0.753	42.789	-1.012
43.338	-0.753	43.920	-0.606
43.338	-0.753	44.445	-1.014
43.338	-0.753	46.295	-1.071
43.338	-0.753	44.129	-0.751
43.338	-0.753	46.891	-1.094
43.338	-0.753	43.172	2.643
43.338	-0.753	44.323	2.121
43.338	-0.753	44.825	0.637
43.338	-0.753	46.043	-0.260
30.495	-1.720	36.507	-1.087
36.507	-1.087	35.734	-1.225
36.507	-1.087	34.642	-1.211
36.507	-1.087	30.294	-1.346
36.507	-1.087	30.623	-1.494
36.507	-1.087	31.197	-1.502
36.507	-1.087	32.544	-1.343
36.507	-1.087	36.307	-1.092
36.507	-1.087	34.251	-1.512
36.507	-1.087	36.315	-1.682
36.507	-1.087	36.746	-0.083
36.507	-1.087	35.594	-0.297
36.507	-1.087	34.930	-0.676
36.507	-1.087	32.137	-0.816
36.507	-1.087	28.951	-1.116
36.507	-1.087	36.329	-1.071
36.507	-1.087	37.149	-1.095
36.507	-1.087	37.003	-1.042
36.507	-1.087	38.032	-1.078
36.507	-1.087	40.409	-0.916
36.507	-1.087	40.599	-0.866
36.507	-1.087	42.239	-0.716
22.753	1.419	30.495	-1.720
30.495	-1.720	27.012	-1.088
30.495	-1.720	30.435	-1.636
30.495	-1.720	30.430	-1.681
30.495	-1.720	28.694	-1.622
30.495	-1.720	29.900	-1.518
30.495	-1.720	27.816	-1.529
30.495	-1.720	27.189	-1.318
30.495	-1.720	29.808	0.241
30.495	-1.720	30.547	-0.085
30.495	-1.720	28.517	-0.336
30.495	-1.720	27.992	-0.381
7.423	1.307	22.753	1.419
22.753	1.419	14.107	1.800
22.753	1.419	17.772	1.839
22.753	1.419	22.790	1.389
22.753	1.419	25.307	0.919
22.753	1.419	29.805	0.254
22.753	1.419	26.554	0.636
22.753	1.419	27.664	0.604
22.753	1.419	26.825	0.843
22.753	1.419	20.264	1.466
22.753	1.419	19.466	1.470
22.753	1.419	22.173	5.912
22.753	1.419	18.954	5.199
22.753	1.419	15.228	4.580
22.753	1.419	11.425	4.609
22.753	1.419	6.507	0.733
22.753	1.419	8.622	-0.585
0.000	0.000	7.423	1.307
7.423	1.307	3.042	1.442
7.423	1.307	4.593	2.013
7.423	1.307	15.774	1.348
7.423	1.307	19.350	1.848
7.423	1.307	23.313	2.170
7.423	1.307	26.199	1.212
7.423	1.307	26.848	0.402
7.423	1.307	13.832	1.645
7.423	1.307	11.990	1.566
7.423	1.307	9.574	1.585
7.423	1.307	9.216	1.684
7.423	1.307	12.956	5.264
7.423	1.307	5.876	1.964
7.423	1.307	2.956	1.576
7.423	1.307	3.601	1.519
7.423	1.307	3.485	1.852
7.423	1.307	6.163	1.095
7.423	1.307	11.077	1.170
7.423	1.307	15.174	1.358
POLYLINE GREEN
72.590	-3.270
72.540	-3.170
72.440	-3.270
72.190	-3.920
72.190	-4.020
72.390	-3.620
72.440	-3.170
72.440	-2.920
72.390	-3.020
72.390	-3.370
72.290	-3.720
72.540	-2.820
POLYLINE GRAY
71.940	-4.670
71.890	-4.570
71.990	-4.470
72.390	-4.420
72.690	-4.620
73.090	-4.970
73.090	-5.320
72.890	-5.670
72.890	-5.770
72.640	-6.170
72.540	-6.220
72.240	-6.020
71.540	-6.020
71.440	-6.070
71.190	-6.070
POLYLINE GRAY
71.090	-4.870
71.190	-4.820
71.440	-4.920
71.640	-5.270
71.690	-5.720
71.690	-5.970
71.490	-6.020
70.990	-6.570
70.940	-6.470
70.740	-6.520
POLYLINE GRAY
61.940	-4.120
62.090	-4.120
62.440	-4.220
63.390	-5.020
64.190	-5.270
64.340	-5.270
64.440	-5.370
POLYLINE GRAY
61.940	-4.470
POLYLINE GRAY
65.590	-5.020
65.390	-4.970
65.290	-4.970
64.690	-4.720
64.240	-4.670
63.790	-4.970
63.690	-5.420
63.790	-5.820
63.890	-5.920
POLYLINE GRAY
66.990	-4.920
66.790	-4.970
66.640	-5.170
66.240	-5.170
65.990	-5.120
65.340	-5.370
65.140	-5.520
64.990	-5.970
64.990	-6.170
65.040	-6.320
65.190	-6.420
POLYLINE GRAY
68.190	-4.870
67.340	-4.920
66.940	-5.070
66.790	-5.370
66.940	-6.270
66.890	-6.470
POLYLINE GRAY
69.340	-4.670
68.840	-4.720
68.390	-4.970
68.040	-5.370
67.990	-5.570
68.090	-5.770
68.440	-6.070
68.390	-6.420
68.440	-6.520
POLYLINE GRAY
70.040	-4.570
70.240	-4.270
70.740	-4.720
70.840	-4.970
70.840	-5.220
70.690	-5.670
70.340	-6.070
POLYLINE GRAY
70.290	-4.520
70.190	-4.470
70.090	-4.520
69.940	-4.470
69.640	-4.570
69.340	-5.170
69.340	-5.370
69.590	-5.670
69.590	-5.920
69.540	-6.020
POLYLINE BLACK
65.740	-6.820
65.740	-6.720
66.140	-6.770
66.340	-6.920
66.940	-6.920
67.140	-6.970
67.490	-6.920
68.190	-6.920
68.490	-6.820
69.040	-6.720
69.290	-6.770
69.490	-6.670
69.690	-6.720
70.040	-6.570
70.740	-6.370
POLYLINE BLACK
61.390	-4.420
61.390	-4.320
61.840	-4.570
62.240	-4.820
62.340	-4.820
62.540	-5.020
62.890	-5.170
63.190	-5.420
63.290	-5.420
63.590	-5.670
64.840	-6.520
64.940	-6.520
65.190	-6.670
65.590	-6.820
POLYLINE BLACK
59.340	-1.820
59.440	-1.770
59.540	-1.820
59.840	-1.670
60.140	-1.720
60.340	-1.820
60.590	-2.120
60.890	-3.070
61.240	-3.820
61.390	-4.220
61.490	-4.320
61.990	-4.420
62.090	-4.470
POLYLINE BLACK
59.890	3.280
60.390	3.730
60.940	3.980
61.140	3.980
61.540	4.080
61.940	3.930
62.140	3.730
62.640	3.430
62.990	2.880
63.140	2.630
63.140	2.530
63.390	1.980
63.490	1.880
63.540	1.680
63.840	1.280
POLYLINE BLACK
69.140	0.930
69.040	1.030
68.940	0.980
68.540	1.180
68.440	1.180
68.340	1.280
68.240	1.280
68.140	1.380
67.690	1.530
67.290	1.780
66.440	1.930
65.440	1.930
65.240	1.980
64.390	1.780
64.290	1.780
64.190	1.680
64.090	1.680
63.890	1.380
63.690	1.530
63.490	1.580
POLYLINE BLACK
60.640	13.480
POLYLINE GRAY
58.970	-1.100
59.030	-1.160
59.070	-1.160
57.790	-0.660
57.910	-0.900
58.010	-1.020
58.110	-1.260
58.130	-1.420
58.090	-1.600
POLYLINE GRAY
56.270	-1.400
56.250	-1.360
56.250	-1.400
56.410	-1.520
56.470	-1.620
56.550	-1.740
56.570	-1.880
56.450	-1.600
56.450	-1.560
56.330	-1.420
56.250	-1.380
56.190	-1.400
56.090	-1.600
56.070	-1.800
POLYLINE GRAY
54.670	-1.120
54.850	-1.420
54.950	-1.560
55.050	-1.660
55.150	-1.900
55.190	-2.080
55.190	-2.120
55.190	-2.000
55.110	-1.780
54.970	-1.620
54.930	-1.520
54.750	-1.320
54.690	-1.260
54.610	-1.300
54.550	-1.480
54.570	-1.700
54.630	-1.980
POLYLINE GRAY
56.190	-1.000
56.150	-1.240
56.130	-1.740
56.130	-1.940
POLYLINE GRAY
56.170	-1.060
POLYLINE GRAY
54.610	-1.160
54.630	-1.200
54.610	-1.680
54.570	-1.900
54.550	-1.860
54.570	-1.800
POLYLINE GRAY
57.650	-0.480
57.590	-0.800
57.570	-1.240
57.550	-1.420
57.550	-1.640
57.510	-1.480
57.510	-1.320
57.570	-0.800
57.630	-0.540
57.650	-0.480
57.690	-0.500
57.690	-0.660
57.550	-1.640
POLYLINE BLACK
52.250	-2.140
52.390	-2.280
52.510	-2.340
52.570	-2.340
52.610	-2.380
52.670	-2.380
52.750	-2.400
52.850	-2.400
53.010	-2.360
53.230	-2.340
53.310	-2.320
53.450	-2.320
53.530	-2.260
53.610	-2.300
53.670	-2.300
53.750	-2.280
54.010	-2.280
54.150	-2.260
54.330	-2.240
54.770	-2.100
54.870	-2.120
55.470	-2.000
55.630	-1.980
55.730	-2.000
55.890	-2.000
56.010	-1.980
56.150	-1.980
56.270	-1.960
56.510	-1.920
56.610	-1.900
56.950	-1.860
57.090	-1.820
57.150	-1.820
57.230	-1.800
57.290	-1.800
57.390	-1.760
57.490	-1.760
57.590	-1.720
57.750	-1.700
57.910	-1.660
58.150	-1.660
58.350	-1.620
58.490	-1.640
58.630	-1.640
58.690	-1.660
58.870	-1.620
59.110	-1.620
59.290	-1.640
59.370	-1.660
POLYLINE BLACK
59.350	-1.680
59.310	-1.640
59.410	-1.660
59.510	-1.660
59.550	-1.640
59.470	-1.700
59.410	-1.700
59.330	-1.680
59.290	-1.700
59.250	-1.680
POLYLINE BLACK
55.210	6.380
55.130	6.360
55.010	6.240
54.890	5.660
54.810	5.440
54.770	5.280
54.750	5.200
54.730	5.120
54.690	4.940
54.670	4.780
54.670	4.700
54.650	4.620
54.630	4.540
54.610	4.460
54.590	4.380
54.550	4.340
54.550	4.280
54.470	4.120
54.450	4.040
54.390	3.860
54.050	3.180
54.010	3.140
54.010	3.080
53.950	3.000
53.930	2.900
53.810	2.640
53.790	2.560
53.710	2.300
53.710	2.120
53.730	2.040
53.730	1.920
53.750	1.840
53.770	1.760
53.910	1.180
53.970	1.000
54.030	0.920
54.190	0.560
54.230	0.280
54.230	0.060
54.170	-0.020
54.110	-0.120
54.070	-0.100
53.870	-0.160
53.670	-0.080
53.550	0.060
53.490	0.160
53.470	0.240
53.330	0.380
53.250	0.420
53.230	0.460
53.050	0.500
53.010	0.540
52.930	0.540
52.850	0.560
52.730	0.560
52.650	0.500
52.490	0.480
52.450	0.420
POLYLINE BLACK
55.070	6.360
55.110	6.500
55.170	6.840
55.210	7.240
55.190	7.380
55.230	7.700
55.230	7.940
55.210	8.200
55.210	8.260
55.150	8.520
55.050	8.940
55.010	9.080
54.990	9.320
54.910	9.600
54.910	9.740
54.890	9.820
54.910	9.960
54.910	10.060
54.930	10.140
54.930	10.340
54.890	10.660
54.810	10.920
54.810	10.980
54.730	11.240
54.710	11.420
54.690	11.500
54.690	11.640
54.730	11.980
54.730	12.060
54.710	12.200
54.710	12.380
54.790	12.500
54.890	12.520
55.010	12.560
55.130	12.480
55.270	12.320
55.430	12.060
55.450	11.960
55.510	11.840
55.530	11.660
55.570	11.460
55.610	11.280
55.770	10.820
55.770	10.760
56.150	9.740
56.170	9.640
56.230	9.540
56.530	8.920
56.850	8.160
56.990	7.880
57.150	7.500
57.170	7.420
57.630	6.380
57.630	6.320
57.770	6.100
57.870	5.880
58.110	5.420
58.150	5.380
POLYLINE BLACK
59.990	3.080
59.950	3.120
59.910	3.100
59.810	3.260
59.770	3.260
59.630	3.460
59.550	3.540
59.350	3.840
59.350	3.880
59.290	3.940
59.050	4.400
58.990	4.560
58.790	4.880
58.410	5.320
58.370	5.420
58.210	5.520
58.030	5.540
POLYLINE BLACK
50.570	2.720
POLYLINE BLACK
50.650	-1.760
50.850	-1.840
50.930	-1.860
51.170	-1.800
51.250	-1.780
51.290	-1.800
51.430	-1.760
51.550	-1.800
51.590	-1.780
51.870	-1.920
51.910	-1.960
51.950	-1.960
52.110	-2.080
52.190	-2.100
52.270	-2.140
POLYLINE BLACK
52.550	0.440
52.110	0.180
52.030	0.160
51.950	0.120
51.830	-0.020
51.670	-0.020
51.630	0.020
51.610	0.140
51.570	0.180
51.570	0.220
51.510	0.300
51.450	0.400
51.370	0.420
51.310	0.480
51.270	0.560
51.190	0.580
51.150	0.580
POLYLINE GRAY
51.250	3.020
51.250	3.060
POLYLINE BLACK
50.510	0.480
50.430	0.460
50.350	0.400
50.390	0.440
50.430	0.440
50.610	0.580
50.950	0.580
51.250	0.480
POLYLINE BLACK
49.550	-0.040
49.590	-0.060
49.990	0.040
50.350	0.360
50.350	0.420
50.410	0.500
POLYLINE BLACK
46.930	-2.080
46.990	-2.080
47.110	-2.000
47.270	-1.900
47.350	-1.880
47.490	-1.820
47.570	-1.840
47.650	-1.840
47.750	-1.860
47.830	-1.840
47.910	-1.840
47.990	-1.820
48.390	-1.820
48.470	-1.800
48.650	-1.760
48.690	-1.780
48.790	-1.760
48.930	-1.760
49.050	-1.720
49.090	-1.740
49.330	-1.640
49.410	-1.620
49.510	-1.600
49.690	-1.600
49.730	-1.580
49.770	-1.600
49.850	-1.560
49.890	-1.600
50.010	-1.560
50.070	-1.560
50.290	-1.500
POLYLINE BLACK
50.830	-1.920
50.670	-1.820
50.530	-1.680
50.330	-1.560
50.290	-1.520
50.250	-1.540
50.170	-1.520
POLYLINE BLACK
45.970	-0.280
46.090	-0.300
46.210	-0.300
46.390	-0.280
46.490	-0.280
46.650	-0.240
46.830	-0.220
47.010	-0.180
47.190	-0.180
47.370	-0.120
47.450	-0.120
47.530	-0.100
47.610	-0.080
47.710	-0.100
47.770	-0.100
47.810	-0.120
47.990	-0.080
48.110	-0.120
48.170	-0.120
48.250	-0.100
48.430	-0.100
48.490	-0.120
48.530	-0.100
48.610	-0.120
48.690	-0.120
48.790	-0.160
48.870	-0.140
49.090	-0.180
49.170	-0.160
49.370	-0.160
49.470	-0.180
POLYLINE BLACK
48.270	-4.840
48.250	-4.960
48.130	-5.220
48.130	-5.180
48.190	-5.060
48.370	-4.880
48.450	-4.840
48.510	-4.900
48.510	-4.960
48.470	-5.080
48.350	-5.280
48.370	-5.180
48.450	-5.100
48.590	-5.000
48.630	-5.000
48.630	-5.080
48.530	-5.220
48.470	-5.260
48.630	-5.040
48.810	-4.920
48.850	-4.920
48.870	-4.960
48.810	-5.080
48.670	-5.240
48.590	-5.360
POLYLINE BLACK
47.630	-4.380
47.570	-4.380
47.330	-4.620
47.250	-4.740
47.110	-5.100
47.090	-5.240
47.090	-5.300
47.170	-5.420
47.210	-5.440
47.310	-5.380
47.490	-5.200
47.590	-5.060
47.410	-5.180
47.310	-5.240
POLYLINE BLACK
46.890	-5.280
46.790	-5.500
46.650	-5.720
POLYLINE BLACK
46.490	-4.360
46.390	-4.440
46.150	-4.840
46.070	-5.180
46.070	-5.320
46.150	-5.420
46.250	-5.440
46.430	-5.340
46.590	-5.160
46.590	-5.100
46.490	-4.960
46.390	-5.000
46.270	-5.160
POLYLINE BLACK
46.870	-1.900
47.030	-2.140
46.950	-2.120
46.770	-2.180
46.730	-2.160
46.730	-2.200
46.690	-2.200
46.510	-2.320
46.290	-2.640
46.230	-2.740
46.210	-2.820
46.130	-3.040
46.050	-3.420
46.030	-3.620
46.010	-3.700
46.010	-3.760
45.990	-3.840
45.990	-4.060
45.970	-4.220
45.970	-4.720
45.990	-4.800
45.990	-4.860
45.970	-4.940
45.970	-5.400
45.950	-5.480
45.950	-5.720
45.930	-5.820
45.930	-5.900
45.910	-6.040
45.910	-6.220
45.830	-6.500
45.830	-6.600
45.790	-6.720
45.710	-6.820
45.710	-6.860
45.590	-6.900
45.550	-6.880
45.370	-6.920
45.250	-6.940
45.170	-6.920
45.030	-6.920
POLYLINE BLACK
44.510	-4.000
44.530	-4.140
44.530	-4.340
44.550	-4.540
44.570	-4.820
44.570	-4.960
44.510	-5.300
44.490	-5.480
44.430	-5.720
44.410	-5.920
44.410	-6.060
44.530	-6.400
44.730	-6.620
44.770	-6.620
44.950	-6.840
45.030	-6.900
45.070	-6.900
45.170	-6.960
45.210	-6.960
POLYLINE BLACK
43.250	-1.440
43.250	-1.480
43.310	-1.540
43.350	-1.620
43.410	-1.860
43.490	-2.140
43.630	-2.460
43.710	-2.580
43.770	-2.680
43.910	-2.880
44.050	-3.120
44.070	-3.220
44.130	-3.340
44.150	-3.440
44.230	-3.700
44.230	-3.760
44.290	-3.880
44.310	-3.960
44.370	-4.020
44.390	-4.060
POLYLINE GREEN
47.010	-1.140
46.950	-1.280
46.830	-1.460
46.750	-1.740
46.710	-1.860
46.710	-1.960
46.690	-2.040
46.690	-2.080
46.770	-2.140
46.810	-2.140
46.890	-1.960
46.910	-1.860
46.930	-1.780
46.970	-1.540
46.970	-1.480
46.990	-1.400
46.970	-1.360
46.990	-1.220
46.990	-1.180
46.970	-1.220
POLYLINE GREEN
43.570	-0.120
43.850	-0.180
43.930	-0.160
43.970	-0.180
44.090	-0.160
44.390	-0.260
44.470	-0.280
44.550	-0.260
44.610	-0.300
44.690	-0.320
44.810	-0.380
44.890	-0.380
45.050	-0.460
45.230	-0.460
45.310	-0.480
45.450	-0.480
45.530	-0.500
45.710	-0.500
POLYLINE BLACK
41.910	3.060
41.990	3.080
42.090	3.080
42.210	3.120
42.350	3.120
42.430	3.100
42.550	3.080
43.090	2.800
43.130	2.760
43.190	2.760
43.310	2.660
43.390	2.600
43.450	2.600
43.490	2.560
43.590	2.540
43.670	2.480
43.710	2.480
43.790	2.400
43.830	2.420
43.990	2.320
44.070	2.260
44.170	2.200
44.210	2.160
44.310	2.140
44.510	1.920
44.570	1.800
44.590	1.720
44.650	1.600
44.670	1.520
44.690	1.420
44.690	1.360
44.710	1.280
44.710	0.760
44.770	0.580
44.830	0.440
45.010	0.260
45.230	0.100
45.410	0.060
45.710	-0.120
45.790	-0.140
45.990	-0.280
POLYLINE BLACK
41.210	-0.240
41.190	-0.320
41.190	-0.280
40.990	-0.020
40.870	0.060
40.770	0.120
40.650	0.120
40.350	0.220
40.310	0.240
40.230	0.220
40.130	0.220
39.930	0.160
39.750	0.020
39.650	-0.020
39.490	-0.180
39.210	-0.300
39.050	-0.320
38.890	-0.320
38.510	-0.220
38.430	-0.160
38.330	-0.140
38.250	-0.080
38.170	-0.080
38.050	-0.020
37.950	-0.020
37.910	-0.040
37.870	-0.020
37.750	-0.080
37.710	-0.060
37.570	-0.080
37.530	-0.060
37.450	-0.080
37.150	-0.080
36.910	-0.160
36.830	-0.140
36.790	-0.160
POLYLINE BLACK
36.370	-0.220
36.470	-0.160
36.650	-0.120
36.670	-0.080
36.670	-0.120
36.750	-0.100
36.790	-0.120
36.870	-0.100
36.910	-0.060
37.090	-0.080
37.130	-0.080
37.130	-0.080
37.130	-0.080
37.130	-0.040
POLYLINE BLACK
43.350	-1.360
43.270	-1.380
43.230	-1.360
43.150	-1.380
43.030	-1.380
42.950	-1.360
42.850	-1.360
42.770	-1.380
42.610	-1.400
42.490	-1.400
42.450	-1.380
42.370	-1.400
42.210	-1.400
42.070	-1.440
41.850	-1.420
41.570	-1.480
41.370	-1.440
41.070	-1.440
40.890	-1.420
40.850	-1.400
40.730	-1.400
40.550	-1.440
40.250	-1.380
40.130	-1.400
40.030	-1.380
39.990	-1.380
39.950	-1.340
39.830	-1.340
39.750	-1.320
39.570	-1.380
39.510	-1.360
39.430	-1.380
39.330	-1.360
39.030	-1.280
38.870	-1.280
38.590	-1.360
38.470	-1.400
38.270	-1.440
38.130	-1.480
37.990	-1.480
37.950	-1.500
37.850	-1.500
37.670	-1.540
37.590	-1.540
37.550	-1.520
37.510	-1.540
37.330	-1.540
37.230	-1.560
37.010	-1.560
36.970	-1.540
36.930	-1.560
36.850	-1.540
36.810	-1.580
36.710	-1.540
36.630	-1.560
36.350	-1.600
36.270	-1.600
36.230	-1.640
POLYLINE BLACK
41.590	0.720
41.590	0.300
41.470	0.020
41.450	-0.080
41.390	-0.240
41.310	-0.360
POLYLINE BLACK
41.530	0.680
41.570	0.840
41.570	1.260
41.610	1.340
41.590	1.420
41.590	1.520
41.610	1.600
41.610	1.760
41.650	1.980
41.710	2.300
41.710	2.380
41.790	2.660
41.810	2.740
41.910	3.040
POLYLINE GRAY
41.190	-1.080
41.090	-1.140
40.970	-1.240
40.910	-1.300
40.990	-1.320
41.150	-1.260
41.190	-1.220
41.190	-1.180
41.150	-1.140
41.090	-1.160
POLYLINE GRAY
41.570	-1.220
41.490	-1.220
41.390	-1.240
41.390	-1.300
41.410	-1.340
41.450	-1.340
41.650	-1.200
41.690	-1.200
41.690	-1.160
41.650	-1.140
41.350	-1.240
41.310	-1.260
POLYLINE GRAY
41.830	-1.080
41.710	-1.180
41.690	-1.320
41.710	-1.360
41.810	-1.380
42.050	-1.300
42.130	-1.220
42.150	-1.100
42.010	-1.060
41.970	-1.080
POLYLINE GRAY
42.490	-1.000
42.450	-1.000
42.250	-1.180
42.210	-1.300
42.310	-1.280
42.410	-1.180
42.310	-1.120
42.210	-1.140
POLYLINE GRAY
42.810	-0.980
42.550	-1.120
42.530	-1.200
42.570	-1.220
42.690	-1.120
42.750	-1.100
42.810	-1.160
42.830	-1.200
42.910	-1.180
42.950	-1.040
42.950	-1.000
42.910	-0.980
42.850	-1.000
POLYLINE GRAY
43.190	-1.120
43.150	-1.100
42.910	-1.220
43.010	-1.300
43.070	-1.300
43.150	-1.280
43.270	-1.280
43.350	-1.220
43.350	-1.180
43.250	-1.100
43.250	-1.060
POLYLINE GRAY
43.190	-1.160
POLYLINE GRAY
43.190	-1.100
43.190	-1.100
POLYLINE BLACK
30.610	-1.860
30.630	-1.820
30.710	-1.840
30.890	-1.820
31.190	-1.820
31.270	-1.860
31.390	-1.780
31.470	-1.800
31.550	-1.780
31.670	-1.740
31.730	-1.740
31.890	-1.780
32.130	-1.740
32.330	-1.740
32.530	-1.700
32.630	-1.720
32.670	-1.700
32.830	-1.720
32.970	-1.720
33.150	-1.680
33.370	-1.660
33.550	-1.600
33.650	-1.600
33.730	-1.580
33.810	-1.520
33.890	-1.500
33.970	-1.520
34.170	-1.520
34.230	-1.540
34.310	-1.520
34.410	-1.540
34.450	-1.520
34.550	-1.540
34.670	-1.540
34.710	-1.520
34.790	-1.540
34.850	-1.540
34.930	-1.520
34.990	-1.520
35.070	-1.500
35.190	-1.520
35.270	-1.500
35.430	-1.520
35.470	-1.560
36.070	-1.560
36.110	-1.580
36.210	-1.540
36.330	-1.580
36.370	-1.560
36.410	-1.600
36.450	-1.600
POLYLINE BLACK
28.610	-1.760
28.650	-1.740
28.730	-1.760
28.810	-1.740
28.890	-1.780
29.070	-1.780
29.150	-1.800
29.230	-1.780
29.310	-1.820
29.390	-1.800
29.730	-1.800
29.810	-1.780
29.850	-1.800
29.930	-1.780
30.010	-1.800
30.310	-1.800
30.450	-1.840
30.530	-1.820
30.630	-1.820
30.750	-1.860
POLYLINE BLACK
34.990	-0.580
34.950	-0.580
34.830	-0.660
34.730	-0.680
34.690	-0.720
34.570	-0.700
34.490	-0.720
34.310	-0.740
34.270	-0.720
34.070	-0.720
33.970	-0.740
33.870	-0.720
33.750	-0.720
33.610	-0.760
33.530	-0.760
33.470	-0.780
33.290	-0.780
33.230	-0.800
33.150	-0.780
33.070	-0.780
33.030	-0.820
32.950	-0.800
32.870	-0.840
32.790	-0.820
32.710	-0.820
32.670	-0.800
32.630	-0.840
32.510	-0.860
32.470	-0.820
32.390	-0.800
32.310	-0.820
32.190	-0.780
32.090	-0.780
32.010	-0.760
31.890	-0.740
31.690	-0.580
31.550	-0.540
31.390	-0.520
31.310	-0.500
31.190	-0.460
31.130	-0.460
31.010	-0.420
30.970	-0.380
30.890	-0.360
30.730	-0.280
30.690	-0.280
30.550	-0.140
30.470	-0.100
POLYLINE BLACK
36.390	-0.140
36.350	-0.100
36.270	-0.120
36.070	-0.160
36.030	-0.140
35.950	-0.160
35.850	-0.160
35.650	-0.220
35.490	-0.360
35.390	-0.400
35.270	-0.500
35.150	-0.520
35.030	-0.600
34.990	-0.580
34.930	-0.660
POLYLINE BLACK
36.450	-0.100
36.430	-0.140
36.390	-0.140
36.210	-0.280
36.090	-0.300
35.950	-0.200
35.870	-0.180
35.790	-0.200
35.750	-0.200
35.670	-0.260
POLYLINE BLACK
36.410	-1.680
POLYLINE BLACK
22.250	5.900
22.350	5.840
22.390	5.840
22.610	5.760
22.770	5.760
22.890	5.720
23.050	5.700
23.430	5.580
23.530	5.580
23.710	5.500
23.750	5.460
23.870	5.420
24.370	5.100
24.550	4.960
24.850	4.700
25.070	4.480
25.510	4.080
25.570	4.060
26.030	3.580
26.350	3.220
26.590	2.880
26.850	2.520
26.890	2.420
26.990	2.300
27.250	1.780
27.370	1.400
27.410	1.220
27.510	0.860
27.510	0.800
27.550	0.700
27.570	0.580
27.610	0.500
27.610	0.440
27.730	0.200
27.830	0.060
28.050	-0.100
28.090	-0.100
28.190	-0.200
POLYLINE BLACK
30.410	6.240
POLYLINE BLACK
22.770	0.890
22.850	0.910
22.970	0.870
23.070	0.870
23.210	0.830
23.430	0.750
23.470	0.750
23.650	0.630
23.790	0.550
24.230	0.250
24.470	0.170
24.690	0.070
24.810	-0.030
25.170	-0.210
25.210	-0.250
25.250	-0.250
25.550	-0.350
25.810	-0.430
26.150	-0.610
26.190	-0.610
26.610	-0.770
26.790	-0.890
26.850	-0.890
27.010	-1.010
27.050	-1.010
27.250	-1.190
27.310	-1.210
POLYLINE BLACK
28.850	-1.670
28.650	-1.610
28.590	-1.630
28.510	-1.610
28.390	-1.590
28.310	-1.630
28.270	-1.590
28.190	-1.610
27.990	-1.610
27.910	-1.590
27.750	-1.550
27.670	-1.530
27.610	-1.530
27.530	-1.470
27.490	-1.470
27.410	-1.390
27.370	-1.390
27.170	-1.250
27.010	-1.090
26.970	-1.090
26.930	-1.030
POLYLINE BLACK
28.790	0.030
28.730	-0.030
28.490	-0.270
28.330	-0.350
28.170	-0.370
28.030	-0.350
POLYLINE BLACK
30.590	-0.150
30.350	0.050
30.190	0.150
30.030	0.250
29.950	0.270
29.870	0.290
29.790	0.310
29.710	0.290
29.670	0.290
29.630	0.250
29.550	0.270
29.490	0.270
29.290	0.170
29.210	0.170
29.090	0.070
28.990	0.050
28.830	-0.050
28.810	-0.090
28.730	-0.110
28.610	-0.210
POLYLINE GRAY
20.640	-1.770
20.340	-1.970
20.140	-2.370
20.140	-2.520
20.240	-2.720
20.440	-2.670
20.940	-2.070
21.140	-1.720
POLYLINE GRAY
18.690	-2.070
18.590	-2.120
18.540	-2.370
18.590	-2.570
18.740	-2.620
19.190	-2.420
19.590	-2.020
19.690	-1.670
19.590	-1.570
19.190	-1.720
POLYLINE GRAY
20.440	0.030
20.190	-0.020
19.990	-0.520
20.140	-0.920
20.440	-0.920
20.890	-0.670
POLYLINE GRAY
22.840	0.430
22.240	-0.270
22.190	-0.370
22.090	0.230
21.940	0.330
21.540	0.180
POLYLINE GRAY
23.390	-1.220
23.140	-1.370
22.990	-1.620
23.090	-1.620
23.540	-1.170
23.640	-0.870
23.540	-0.620
23.440	-0.520
POLYLINE GRAY
22.940	-0.720
22.840	-0.820
22.740	-1.070
22.740	-1.320
22.790	-1.470
23.090	-1.620
23.390	-1.520
23.740	-1.220
POLYLINE GRAY
20.540	-0.720
19.790	-1.220
19.490	-1.520
19.490	-1.620
19.740	-1.670
20.540	-1.420
20.740	-1.220
20.540	-1.020
20.290	-0.920
20.140	-0.920
19.990	-1.020
POLYLINE GRAY
21.590	-0.820
21.340	-1.020
20.990	-1.720
20.890	-1.970
21.340	-1.770
21.890	-1.270
21.890	-1.120
21.690	-0.920
21.440	-0.920
21.240	-1.020
POLYLINE GRAY
22.090	0.580
21.690	0.130
21.490	-0.220
21.990	-0.170
22.390	-0.020
22.690	0.180
22.790	0.380
POLYLINE GRAY
19.890	0.380
19.690	0.480
19.390	0.330
18.940	-0.170
18.840	-0.520
19.190	-0.520
20.040	-0.070
20.190	0.130
19.840	0.230
POLYLINE GRAY
18.540	-0.220
18.340	-0.270
18.040	-0.720
17.990	-0.970
18.290	-1.220
18.590	-1.170
18.840	-1.070
19.040	-0.870
18.940	-0.770
POLYLINE GRAY
17.040	-1.420
16.840	-1.570
16.690	-2.070
16.790	-2.170
17.190	-2.170
17.690	-1.920
17.940	-1.670
17.990	-1.520
17.940	-1.370
17.540	-1.220
17.390	-1.220
17.240	-1.320
POLYLINE BLACK
23.040	0.880
22.840	0.880
22.640	0.930
22.140	0.930
22.040	0.980
21.240	0.730
20.840	0.680
19.640	0.380
19.540	0.280
19.140	0.180
18.790	0.030
18.690	-0.070
18.490	-0.120
18.240	-0.370
17.840	-0.620
17.740	-0.720
17.590	-0.720
17.190	-0.970
16.940	-1.070
16.740	-1.220
16.540	-1.270
15.740	-1.670
15.640	-1.770
15.540	-1.720
15.240	-1.920
14.940	-1.970
14.840	-2.070
14.490	-2.070
14.290	-2.120
13.940	-2.070
13.790	-2.070
13.240	-1.920
12.990	-1.920
12.690	-1.820
12.540	-1.870
12.340	-1.820
11.890	-1.770
11.440	-1.770
11.140	-1.620
10.940	-1.620
10.740	-1.570
10.590	-1.620
10.290	-1.520
10.090	-1.520
9.740	-1.320
9.540	-1.270
9.240	-1.070
9.140	-1.070
8.840	-0.820
8.390	-0.720
8.290	-0.620
POLYLINE BLACK
6.580	0.680
6.790	0.350
7.750	-0.280
8.020	-0.400
8.200	-0.400
8.380	-0.460
8.620	-0.640
POLYLINE BLACK
6.610	0.680
6.670	0.620
POLYLINE BLACK
15.310	4.640
15.130	4.610
14.740	4.580
14.110	4.670
13.600	4.640
13.000	4.760
12.640	4.760
12.310	4.730
12.040	4.700
11.800	4.670
11.740	4.610
11.470	4.520
POLYLINE BLACK
22.030	5.990
22.060	5.870
22.120	5.810
21.970	5.750
21.910	5.780
21.640	5.750
21.430	5.750
21.370	5.720
20.950	5.720
20.860	5.690
20.710	5.690
20.260	5.570
19.990	5.570
19.780	5.480
19.720	5.510
19.480	5.420
19.210	5.390
18.970	5.330
18.880	5.330
18.760	5.300
18.700	5.300
18.400	5.180
18.040	5.150
17.560	5.090
17.350	5.030
17.200	5.030
16.930	5.000
16.870	4.970
16.660	4.970
16.600	5.000
16.420	4.940
16.240	4.940
15.520	4.700
15.430	4.700
15.250	4.580
15.190	4.580
