TRIP
DATE 2005-07-09 
DECLINATION     0.00
DATA
1.0	1.1	2.09	-23.88	0.749	>
1.1	1.2	258.18	-52.32	1.837	>
1.2	1.3	181.30	-5.04	1.331	>
1.3	1.4	309.67	-66.69	2.925	>
1.4	1.5	242.51	-3.41	1.497	>
1.5	1.6	292.70	-37.68	2.210	>
1.6	1.7	73.28	-20.72	2.750	>
1.7	1.8	348.04	-53.55	2.250	>
1.8	1.9	128.87	13.71	1.274	>
1.9	1.10	345.72	-0.20	3.219	>
1.10	1.11	67.60	31.63	4.183	>
1.11	1.12	45.25	24.85	3.810	>
1.12	1.13	346.99	25.19	7.716	>
1.13	1.14	48.80	32.58	7.358	>
1.14	1.15	77.37	11.45	4.502	>
1.15	1.16	43.59	19.58	13.503	>
1.16		120.92	-16.49	7.578	>
1.16		76.36	-8.99	7.081	>
1.16		42.49	-3.21	6.822	>
1.16		358.64	-3.89	7.156	>
1.16		326.05	-2.20	5.002	>
1.16		289.11	2.36	4.634	>
1.16		274.79	-11.20	8.672	>
1.16		264.80	-15.09	10.590	>
1.16		244.38	-18.06	13.175	>
1.16		236.89	-20.79	15.914	>
1.16		227.35	-8.48	10.729	>
1.16		213.67	-9.56	8.355	>
1.16		197.02	-19.63	12.233	>
1.16		181.31	-31.60	13.138	>
1.16		161.98	-45.86	10.229	>
1.16		85.00	-42.45	10.050	>
1.16		70.77	-40.25	12.251	>
1.16	1.17	115.09	-18.37	5.863	>
1.17	1.18	156.14	-6.50	1.766	>
1.18	1.19	167.39	-23.75	3.458	>
1.19	1.20	156.91	-19.22	1.242	>
1.20	1.21	163.12	46.38	2.082	>
1.21	1.22	32.33	31.85	2.551	>
1.22	1.23	341.87	76.05	1.986	>
1.23	1.24	72.24	67.97	2.595	>
1.24	1.25	36.39	20.56	2.427	>
1.25	1.26	68.85	0.15	3.548	>
1.15		322.39	-12.59	4.447	>
1.15		288.99	-14.28	4.157	>
1.15		267.09	-15.32	4.232	>
1.15		257.23	-16.93	10.287	>
1.15		240.63	-22.87	8.492	>
1.15		230.64	-20.84	7.031	>
1.15		214.43	-18.89	8.266	>
1.15		195.75	-19.28	7.975	>
1.15		184.69	-23.60	6.820	>
1.15		161.21	-25.03	6.067	>
1.15		146.97	-22.66	6.492	>
1.15		99.76	-6.20	8.096	>
1.15		88.65	-2.24	3.145	>
1.15		74.24	3.12	11.216	>
1.15		33.42	28.48	16.008	>
1.15		53.92	12.10	20.801	>
1.15		313.62	-74.49	1.100	>
1.14	1.27	253.58	-26.24	3.917	>
1.27		354.02	26.51	5.811	>
1.27		338.40	32.17	5.352	>
1.27		324.04	36.17	5.099	>
1.27		307.36	31.50	4.630	>
1.27		311.65	12.05	3.195	>
1.27		340.88	74.90	1.617	>
1.27		27.46	-0.25	2.312	>
1.27		250.25	-33.81	1.760	>
1.27		244.56	1.19	2.123	>
1.10	1.28	230.05	-22.53	2.140	>
1.28	1.29	303.46	-45.14	5.621	>
1.29	1.30	200.61	-37.64	8.720	>
1.30		19.45	49.21	6.083	>
1.30		354.09	81.33	5.539	>
1.30		154.30	77.90	6.522	>
1.30		150.77	76.97	9.855	>
1.30		180.76	63.88	5.630	>
1.30		186.17	26.92	2.326	>
1.30		115.85	6.31	1.874	>
1.30		64.12	13.68	3.384	>
1.30		173.37	3.83	1.857	>
1.30		351.31	15.28	2.531	>
1.30		287.92	4.07	1.678	>
1.30		237.87	-2.01	2.998	>
1.30	1.31	233.88	-17.44	3.430	>
1.31		306.67	46.73	6.463	>
1.31		269.11	35.21	4.195	>
1.31		305.37	53.87	3.987	>
1.0	1.32	196.79	20.75	2.422	>
1.32		56.09	35.70	1.916	>
1.32		34.66	26.49	2.558	>
1.32		23.38	17.91	3.027	>
1.32		6.43	9.79	3.423	>
1.32		10.24	-17.19	3.904	>
1.32		9.64	-28.96	3.909	>
1.32		27.42	-19.95	1.756	>
1.32		359.98	19.65	2.649	>
1.32	1.33	199.52	-31.11	2.607	>
1.33	1.34	70.64	-42.14	0.870	>
1.34	1.35	342.68	-55.82	1.423	>
1.35	1.36	279.18	-57.69	1.055	>
1.36	1.37	211.39	-59.26	2.235	>
1.37	1.38	196.97	-42.35	1.869	>

PLAN
STATIONS
0.000	0.000	1.0
0.025	0.684	1.1
-1.074	0.454	1.2
-1.104	-0.872	1.3
-1.995	-0.133	1.4
-3.321	-0.823	1.5
-4.935	-0.148	1.6
-2.472	0.592	1.7
-2.749	1.900	1.8
-1.785	1.123	1.9
-2.579	4.243	1.10
0.714	5.600	1.11
3.169	8.034	1.12
1.597	14.837	1.13
6.262	18.921	1.14
10.568	19.886	1.15
19.340	29.100	1.16
24.379	26.741	1.17
25.089	25.136	1.18
25.780	22.047	1.19
26.240	20.968	1.20
26.657	19.594	1.21
27.816	21.425	1.22
27.667	21.880	1.23
28.594	22.177	1.24
29.942	24.006	1.25
33.251	25.286	1.26
2.892	17.928	1.27
-4.094	2.974	1.28
-7.402	5.160	1.29
-9.833	-1.303	1.30
-12.476	-3.232	1.31
-0.654	-2.168	1.32
-1.400	-4.272	1.33
-0.791	-4.058	1.34
-1.029	-3.295	1.35
-1.586	-3.205	1.36
-2.181	-4.180	1.37
-2.584	-5.501	1.38
SHOTS
-2.181	-4.180	-2.584	-5.501
-1.586	-3.205	-2.181	-4.180
-1.029	-3.295	-1.586	-3.205
-0.791	-4.058	-1.029	-3.295
-1.400	-4.272	-0.791	-4.058
-0.654	-2.168	-1.400	-4.272
0.000	0.000	-0.654	-2.168
-0.654	-2.168	0.637	-1.300
-0.654	-2.168	0.648	-0.285
-0.654	-2.168	0.489	0.476
-0.654	-2.168	-0.276	1.184
-0.654	-2.168	0.009	1.502
-0.654	-2.168	-0.081	1.204
-0.654	-2.168	0.106	-0.703
-0.654	-2.168	-0.655	0.327
-9.833	-1.303	-12.476	-3.232
-12.476	-3.232	-16.029	-0.587
-12.476	-3.232	-15.903	-3.285
-12.476	-3.232	-14.393	-1.871
-7.402	5.160	-9.833	-1.303
-9.833	-1.303	-8.510	2.444
-9.833	-1.303	-9.919	-0.472
-9.833	-1.303	-9.240	-2.535
-9.833	-1.303	-8.748	-3.242
-9.833	-1.303	-9.866	-3.781
-9.833	-1.303	-10.056	-3.365
-9.833	-1.303	-8.157	-2.115
-9.833	-1.303	-6.875	0.132
-9.833	-1.303	-9.619	-3.143
-9.833	-1.303	-10.202	1.111
-9.833	-1.303	-11.426	-0.788
-9.833	-1.303	-12.370	-2.896
-4.094	2.974	-7.402	5.160
-2.579	4.243	-4.094	2.974
6.262	18.921	2.892	17.928
2.892	17.928	2.350	23.100
2.892	17.928	1.224	22.140
2.892	17.928	0.475	21.260
2.892	17.928	-0.246	20.324
2.892	17.928	0.557	20.005
2.892	17.928	2.754	18.326
2.892	17.928	3.958	19.979
2.892	17.928	1.516	17.434
2.892	17.928	0.975	17.016
29.942	24.006	33.251	25.286
28.594	22.177	29.942	24.006
27.667	21.880	28.594	22.177
27.816	21.425	27.667	21.880
26.657	19.594	27.816	21.425
26.240	20.968	26.657	19.594
25.780	22.047	26.240	20.968
25.089	25.136	25.780	22.047
24.379	26.741	25.089	25.136
19.340	29.100	24.379	26.741
10.568	19.886	19.340	29.100
19.340	29.100	25.574	25.366
19.340	29.100	26.137	30.749
19.340	29.100	23.941	34.123
19.340	29.100	19.170	36.238
19.340	29.100	16.549	33.246
19.340	29.100	14.965	30.616
19.340	29.100	10.863	29.810
19.340	29.100	9.157	28.174
19.340	29.100	8.046	23.683
19.340	29.100	6.878	20.974
19.340	29.100	11.535	21.911
19.340	29.100	14.772	22.243
19.340	29.100	15.967	18.083
19.340	29.100	19.084	17.913
19.340	29.100	21.543	22.326
19.340	29.100	26.727	29.746
19.340	29.100	28.169	32.179
6.262	18.921	10.568	19.886
10.568	19.886	7.919	23.324
10.568	19.886	6.759	21.197
10.568	19.886	6.492	19.679
10.568	19.886	0.970	17.711
10.568	19.886	3.749	16.049
10.568	19.886	5.487	15.719
10.568	19.886	6.146	13.435
10.568	19.886	8.525	12.641
10.568	19.886	10.057	13.657
10.568	19.886	12.339	14.682
10.568	19.886	13.834	14.863
10.568	19.886	18.500	18.521
10.568	19.886	13.710	19.960
10.568	19.886	21.346	22.928
10.568	19.886	18.317	31.630
10.568	19.886	27.005	31.865
10.568	19.886	10.355	20.089
1.597	14.837	6.262	18.921
3.169	8.034	1.597	14.837
0.714	5.600	3.169	8.034
-2.579	4.243	0.714	5.600
-1.785	1.123	-2.579	4.243
-2.749	1.900	-1.785	1.123
-2.472	0.592	-2.749	1.900
-4.935	-0.148	-2.472	0.592
-3.321	-0.823	-4.935	-0.148
-1.995	-0.133	-3.321	-0.823
-1.104	-0.872	-1.995	-0.133
-1.074	0.454	-1.104	-0.872
0.025	0.684	-1.074	0.454
0.000	0.000	0.025	0.684

ELEVATION
STATIONS
0.000	0.000	1.0
0.684	-0.303	1.1
1.807	-1.757	1.2
3.133	-1.874	1.3
4.291	-4.560	1.4
5.786	-4.649	1.5
7.536	-6.000	1.6
10.107	-6.973	1.7
11.444	-8.783	1.8
12.682	-8.481	1.9
15.901	-8.492	1.10
19.462	-6.298	1.11
22.919	-4.697	1.12
29.902	-1.413	1.13
36.103	2.549	1.14
40.516	3.443	1.15
53.238	7.968	1.16
58.802	6.120	1.17
60.557	5.920	1.18
63.722	4.527	1.19
64.895	4.118	1.20
66.331	5.625	1.21
68.498	6.971	1.22
68.977	8.898	1.23
69.950	11.304	1.24
72.223	12.156	1.25
75.771	12.165	1.26
39.616	0.817	1.27
17.877	-9.312	1.28
21.842	-13.296	1.29
28.747	-18.621	1.30
32.019	-19.649	1.31
2.265	0.858	1.32
4.497	-0.489	1.33
5.142	-1.073	1.34
5.941	-2.250	1.35
6.505	-3.142	1.36
7.648	-5.063	1.37
9.029	-6.322	1.38
SHOTS
7.648	-5.063	9.029	-6.322
6.505	-3.142	7.648	-5.063
5.941	-2.250	6.505	-3.142
5.142	-1.073	5.941	-2.250
4.497	-0.489	5.142	-1.073
2.265	0.858	4.497	-0.489
0.000	0.000	2.265	0.858
2.265	0.858	1.057	1.976
2.265	0.858	0.084	1.999
2.265	0.858	-0.597	1.789
2.265	0.858	-1.052	1.440
2.265	0.858	-1.439	-0.296
2.265	0.858	-1.128	-1.035
2.265	0.858	0.642	0.259
2.265	0.858	-0.122	1.749
28.747	-18.621	32.019	-19.649
32.019	-19.649	33.332	-14.943
32.019	-19.649	34.819	-17.230
32.019	-19.649	32.766	-16.429
21.842	-13.296	28.747	-18.621
28.747	-18.621	24.773	-14.015
28.747	-18.621	27.996	-13.145
28.747	-18.621	29.281	-12.244
28.747	-18.621	29.509	-9.020
28.747	-18.621	30.450	-13.566
28.747	-18.621	30.265	-17.568
28.747	-18.621	28.439	-18.415
28.747	-18.621	26.250	-17.821
28.747	-18.621	29.889	-18.497
28.747	-18.621	26.607	-17.954
28.747	-18.621	29.486	-18.502
28.747	-18.621	31.735	-18.726
17.877	-9.312	21.842	-13.296
15.901	-8.492	17.877	-9.312
36.103	2.549	39.616	0.817
39.616	0.817	38.682	3.411
39.616	0.817	40.033	3.667
39.616	0.817	40.998	3.826
39.616	0.817	41.954	3.236
39.616	0.817	41.273	1.484
39.616	0.817	39.637	2.378
39.616	0.817	38.016	0.807
39.616	0.817	41.075	-0.162
39.616	0.817	41.712	0.861
72.223	12.156	75.771	12.165
69.950	11.304	72.223	12.156
68.977	8.898	69.950	11.304
68.498	6.971	68.977	8.898
66.331	5.625	68.498	6.971
64.895	4.118	66.331	5.625
63.722	4.527	64.895	4.118
60.557	5.920	63.722	4.527
58.802	6.120	60.557	5.920
53.238	7.968	58.802	6.120
40.516	3.443	53.238	7.968
53.238	7.968	60.467	5.817
53.238	7.968	58.906	6.861
53.238	7.968	57.661	7.586
53.238	7.968	54.173	7.483
53.238	7.968	51.634	7.776
53.238	7.968	49.976	8.159
53.238	7.968	46.583	6.284
53.238	7.968	44.977	5.211
53.238	7.968	41.526	3.884
53.238	7.968	38.759	2.319
53.238	7.968	42.649	6.386
53.238	7.968	45.122	6.580
53.238	7.968	42.932	3.858
53.238	7.968	48.706	1.083
53.238	7.968	55.017	0.627
53.238	7.968	59.654	1.184
53.238	7.968	60.742	0.053
36.103	2.549	40.516	3.443
40.516	3.443	38.683	2.474
40.516	3.443	37.086	2.418
40.516	3.443	36.493	2.325
40.516	3.443	30.675	0.448
40.516	3.443	33.023	0.143
40.516	3.443	34.646	0.942
40.516	3.443	34.789	0.767
40.516	3.443	36.936	0.810
40.516	3.443	38.654	0.713
40.516	3.443	41.105	0.876
40.516	3.443	42.603	0.942
40.516	3.443	47.957	2.568
40.516	3.443	43.598	3.320
40.516	3.443	51.698	4.053
40.516	3.443	50.647	11.077
40.516	3.443	59.175	7.804
40.516	3.443	40.352	2.383
29.902	-1.413	36.103	2.549
22.919	-4.697	29.902	-1.413
19.462	-6.298	22.919	-4.697
15.901	-8.492	19.462	-6.298
12.682	-8.481	15.901	-8.492
11.444	-8.783	12.682	-8.481
10.107	-6.973	11.444	-8.783
7.536	-6.000	10.107	-6.973
5.786	-4.649	7.536	-6.000
4.291	-4.560	5.786	-4.649
3.133	-1.874	4.291	-4.560
1.807	-1.757	3.133	-1.874
0.684	-0.303	1.807	-1.757
0.000	0.000	0.684	-0.303
