TRIP
DATE 2020-07-04 
DECLINATION     0.00
DATA
2	3	17.32	6.13	4.508	>
3	4	58.32	6.89	1.935	>
4	5	145.00	6.45	2.476	>
5	6	71.95	-5.96	3.898	>
6	7	72.26	28.96	3.410	>
7	8	55.51	-17.63	2.348	>
8	10	73.11	-13.07	1.477	>
10	11	12.70	-20.88	5.225	>
11	12	42.96	7.64	10.749	>
12	13	35.24	-3.85	20.022	>
13	14	18.13	-0.94	12.439	>
14	15	23.46	-35.53	5.176	>
15	16	344.41	-14.61	2.564	>
16	17	47.68	-3.72	2.972	>
17	18	328.63	19.20	1.401	>
18	19	17.41	-15.59	2.013	>
19	20	10.07	53.59	1.725	>
20	21	338.32	-4.76	1.771	>
21	22	17.83	6.96	10.675	>
22	23	53.91	-8.26	7.618	>
23	24	30.38	0.99	15.667	>
24	25	30.32	7.22	4.546	>
25	26	18.55	9.88	8.039	>
26	27	33.30	-14.35	25.676	>
27	28	10.09	-5.00	3.959	>
28	29	25.07	6.57	17.732	>
29	30	332.29	-6.87	7.361	>
30	31	302.88	-16.60	7.270	>
31	32	304.43	-12.28	1.669	>
32	33	226.77	-4.88	3.916	>
33	34	238.20	-16.06	5.296	>
34	35	136.27	-62.40	18.407	>
35	36	229.60	-8.79	20.079	>
36	37	257.68	-6.89	11.140	>
37	38	197.61	50.05	14.069	>
38	39	223.77	-15.71	1.126	>
39	40	244.02	-34.02	2.096	>
40	41	312.31	24.48	1.443	>
41	42	224.58	-36.99	8.472	>
42	43	355.52	-44.94	8.755	>
43	44	36.52	-36.39	7.772	>
44	45	32.61	-22.27	2.027	>
45	46	336.87	-19.02	4.961	>
46	47	268.03	1.38	10.951	>
47	48	309.37	32.43	2.392	>
48	49	351.52	-22.22	1.941	>
49	50	305.00	-30.60	4.452	>
50	51	312.38	-0.07	2.414	>
51	52	319.27	-11.15	6.574	>
52	53	329.91	-6.11	3.607	>
53	54	283.39	23.83	7.392	>
54	55	313.47	7.78	5.566	>
55	56	87.88	7.59	0.136	>

PLAN
STATIONS
0.000	0.000	2
1.334	4.279	3
2.969	5.288	4
4.380	3.273	5
8.066	4.474	6
10.908	5.383	7
12.752	6.650	8
14.129	7.068	10
15.202	11.831	11
22.462	19.628	12
33.988	35.944	13
37.859	47.764	14
39.536	51.628	15
38.869	54.018	16
41.062	56.015	17
40.373	57.145	18
40.953	58.995	19
41.132	60.003	20
40.480	61.643	21
43.725	71.730	22
49.817	76.171	23
57.739	89.685	24
60.016	93.578	25
62.535	101.086	26
76.192	121.877	27
76.883	125.760	28
84.348	141.716	29
80.950	148.186	30
75.099	151.968	31
73.754	152.890	32
70.911	150.217	33
66.586	147.535	34
72.480	141.373	35
57.368	128.513	36
46.563	126.153	37
43.830	117.543	38
43.080	116.760	39
41.518	115.999	40
40.547	116.883	41
35.797	112.063	42
35.313	118.241	43
39.036	123.269	44
40.047	124.849	45
38.205	129.162	46
27.264	128.785	47
25.703	130.066	48
25.438	131.843	49
22.299	134.041	50
20.516	135.668	51
16.307	140.556	52
14.509	143.659	53
7.931	145.225	54
3.929	149.019	55
4.064	149.024	56
0.000	0.000	1.0
SHOTS
3.929	149.019	4.064	149.024
7.931	145.225	3.929	149.019
14.509	143.659	7.931	145.225
16.307	140.556	14.509	143.659
20.516	135.668	16.307	140.556
22.299	134.041	20.516	135.668
25.438	131.843	22.299	134.041
25.703	130.066	25.438	131.843
27.264	128.785	25.703	130.066
38.205	129.162	27.264	128.785
40.047	124.849	38.205	129.162
39.036	123.269	40.047	124.849
35.313	118.241	39.036	123.269
35.797	112.063	35.313	118.241
40.547	116.883	35.797	112.063
41.518	115.999	40.547	116.883
43.080	116.760	41.518	115.999
43.830	117.543	43.080	116.760
46.563	126.153	43.830	117.543
57.368	128.513	46.563	126.153
72.480	141.373	57.368	128.513
66.586	147.535	72.480	141.373
70.911	150.217	66.586	147.535
73.754	152.890	70.911	150.217
75.099	151.968	73.754	152.890
80.950	148.186	75.099	151.968
84.348	141.716	80.950	148.186
76.883	125.760	84.348	141.716
76.192	121.877	76.883	125.760
62.535	101.086	76.192	121.877
60.016	93.578	62.535	101.086
57.739	89.685	60.016	93.578
49.817	76.171	57.739	89.685
43.725	71.730	49.817	76.171
40.480	61.643	43.725	71.730
41.132	60.003	40.480	61.643
40.953	58.995	41.132	60.003
40.373	57.145	40.953	58.995
41.062	56.015	40.373	57.145
38.869	54.018	41.062	56.015
39.536	51.628	38.869	54.018
37.859	47.764	39.536	51.628
33.988	35.944	37.859	47.764
22.462	19.628	33.988	35.944
15.202	11.831	22.462	19.628
14.129	7.068	15.202	11.831
12.752	6.650	14.129	7.068
10.908	5.383	12.752	6.650
8.066	4.474	10.908	5.383
4.380	3.273	8.066	4.474
2.969	5.288	4.380	3.273
1.334	4.279	2.969	5.288
0.000	0.000	1.334	4.279
0.000	0.000	0.000	0.000

ELEVATION
STATIONS
0.000	0.000	2
4.482	0.481	3
6.403	0.713	4
8.863	0.991	5
12.740	0.586	6
15.724	2.237	7
17.961	1.526	8
19.400	1.192	10
24.283	-0.670	11
34.937	0.759	12
54.913	-0.587	13
67.351	-0.792	14
71.563	-3.800	15
74.044	-4.447	16
77.010	-4.640	17
78.333	-4.179	18
80.272	-4.720	19
81.296	-3.332	20
83.061	-3.479	21
93.657	-2.186	22
101.196	-3.280	23
116.861	-3.010	24
121.371	-2.439	25
129.290	-1.059	26
154.165	-7.422	27
158.109	-7.767	28
175.725	-5.738	29
183.033	-6.619	30
190.000	-8.696	31
191.631	-9.051	32
195.533	-9.384	33
200.622	-10.849	34
209.149	-27.162	35
228.992	-30.230	36
240.052	-31.567	37
249.085	-20.781	38
250.169	-21.086	39
251.906	-22.259	40
253.219	-21.661	41
259.986	-26.758	42
266.183	-32.942	43
272.439	-37.553	44
274.315	-38.321	45
279.005	-39.938	46
289.952	-39.675	47
291.971	-38.392	48
293.768	-39.126	49
297.600	-41.392	50
300.014	-41.395	51
306.464	-42.666	52
310.050	-43.050	53
316.812	-40.064	54
322.326	-39.311	55
322.461	-39.293	56
0.000	0.000	1.0
SHOTS
322.326	-39.311	322.461	-39.293
316.812	-40.064	322.326	-39.311
310.050	-43.050	316.812	-40.064
306.464	-42.666	310.050	-43.050
300.014	-41.395	306.464	-42.666
297.600	-41.392	300.014	-41.395
293.768	-39.126	297.600	-41.392
291.971	-38.392	293.768	-39.126
289.952	-39.675	291.971	-38.392
279.005	-39.938	289.952	-39.675
274.315	-38.321	279.005	-39.938
272.439	-37.553	274.315	-38.321
266.183	-32.942	272.439	-37.553
259.986	-26.758	266.183	-32.942
253.219	-21.661	259.986	-26.758
251.906	-22.259	253.219	-21.661
250.169	-21.086	251.906	-22.259
249.085	-20.781	250.169	-21.086
240.052	-31.567	249.085	-20.781
228.992	-30.230	240.052	-31.567
209.149	-27.162	228.992	-30.230
200.622	-10.849	209.149	-27.162
195.533	-9.384	200.622	-10.849
191.631	-9.051	195.533	-9.384
190.000	-8.696	191.631	-9.051
183.033	-6.619	190.000	-8.696
175.725	-5.738	183.033	-6.619
158.109	-7.767	175.725	-5.738
154.165	-7.422	158.109	-7.767
129.290	-1.059	154.165	-7.422
121.371	-2.439	129.290	-1.059
116.861	-3.010	121.371	-2.439
101.196	-3.280	116.861	-3.010
93.657	-2.186	101.196	-3.280
83.061	-3.479	93.657	-2.186
81.296	-3.332	83.061	-3.479
80.272	-4.720	81.296	-3.332
78.333	-4.179	80.272	-4.720
77.010	-4.640	78.333	-4.179
74.044	-4.447	77.010	-4.640
71.563	-3.800	74.044	-4.447
67.351	-0.792	71.563	-3.800
54.913	-0.587	67.351	-0.792
34.937	0.759	54.913	-0.587
24.283	-0.670	34.937	0.759
19.400	1.192	24.283	-0.670
17.961	1.526	19.400	1.192
15.724	2.237	17.961	1.526
12.740	0.586	15.724	2.237
8.863	0.991	12.740	0.586
6.403	0.713	8.863	0.991
4.482	0.481	6.403	0.713
0.000	0.000	4.482	0.481
0.000	0.000	0.000	0.000
