TRIP
DATE 2005-07-09 
DECLINATION     0.00
DATA
6.23	7.0	0.00	0.00	0.000	>
7.0	7.1	1.71	16.91	2.836	>
7.1		8.23	13.60	3.185	>
7.1		50.24	12.85	3.435	>
7.1		72.64	9.17	5.397	>
7.1		106.01	7.60	4.471	>
7.1		157.34	1.13	3.790	>
7.1		174.73	3.66	4.984	>
7.1		188.21	14.54	7.311	>
7.1		199.60	8.18	1.581	>
7.1		203.89	52.15	13.508	>
7.1		205.45	68.72	10.387	>
7.1		207.49	83.80	8.981	>
7.1		28.13	78.02	9.405	>
7.1		24.73	54.49	12.765	>
7.1		30.20	41.37	10.410	>
7.1		30.50	29.33	8.017	>
7.1		181.70	-83.04	1.387	>
7.1		29.03	47.07	13.112	>
7.1		27.03	80.87	9.450	>
7.1		93.40	69.42	6.185	>
7.1		105.32	48.44	7.849	>
7.1		115.52	23.09	4.997	>
7.1		116.31	-0.62	3.579	>
7.1		118.25	-30.73	3.057	>
7.1	7.2	106.89	-3.62	4.059	>
7.2	7.3	27.14	-38.23	4.646	>
7.3	7.4	90.71	-6.44	2.186	>
7.4	7.5	22.20	41.87	2.352	>
7.5		330.47	-1.03	0.726	>
7.5		140.75	0.17	1.002	>
7.5		123.64	82.82	7.643	>
7.5		157.38	-87.34	1.403	>
7.5	7.6	95.02	29.17	2.419	>
7.6		253.97	28.22	5.171	>
7.6		223.51	66.89	8.713	>
7.6		40.27	33.53	9.815	>
7.6		40.32	25.84	6.772	>
7.6		42.61	11.66	5.672	>
7.1	7.7	51.49	36.95	5.006	>
7.7		153.74	3.96	8.717	>
7.7		175.71	10.48	9.270	>
7.7	7.8	9.84	44.03	7.788	>
7.8		302.36	4.19	2.340	>
7.8		270.60	80.22	2.826	>
7.8		243.21	-0.56	5.192	>
7.8		308.47	-78.53	3.751	>
7.8	7.9	31.38	27.93	2.022	>
7.9		14.27	50.07	4.666	>
7.9		14.74	47.40	3.316	>
7.9		10.32	51.11	3.789	>
7.9		16.99	50.19	3.918	>
7.9		350.51	20.21	2.197	>
7.9		313.58	3.47	1.966	>
7.9		287.42	-8.19	2.386	>
7.9		350.48	71.81	1.975	>
7.9		307.33	-69.09	1.039	>

PLAN
STATIONS
1.730	23.822	7.0
1.811	26.534	7.1
5.687	25.357	7.2
7.352	28.605	7.3
9.524	28.578	7.4
10.186	30.200	7.5
12.290	30.015	7.6
4.942	29.025	7.7
5.899	34.542	7.8
6.829	36.067	7.9
-8.040	27.945	7.1
SHOTS
5.899	34.542	6.829	36.067
6.829	36.067	7.567	38.969
6.829	36.067	7.400	38.238
6.829	36.067	7.255	38.407
6.829	36.067	7.562	38.466
6.829	36.067	6.489	38.101
6.829	36.067	5.407	37.420
6.829	36.067	4.576	36.774
6.829	36.067	6.727	36.675
6.829	36.067	6.534	36.292
4.942	29.025	5.899	34.542
5.899	34.542	3.928	35.791
5.899	34.542	5.419	34.547
5.899	34.542	1.264	32.202
5.899	34.542	5.315	35.006
1.811	26.534	4.942	29.025
4.942	29.025	8.790	21.226
4.942	29.025	5.624	19.935
10.186	30.200	12.290	30.015
12.290	30.015	7.911	28.757
12.290	30.015	9.936	27.535
12.290	30.015	17.578	36.258
12.290	30.015	16.234	34.662
12.290	30.015	16.051	34.103
9.524	28.578	10.186	30.200
10.186	30.200	9.828	30.832
10.186	30.200	10.820	29.424
10.186	30.200	10.981	29.671
10.186	30.200	10.211	30.140
7.352	28.605	9.524	28.578
5.687	25.357	7.352	28.605
1.811	26.534	5.687	25.357
1.730	23.822	1.811	26.534
1.811	26.534	2.254	29.598
1.811	26.534	4.386	28.676
1.811	26.534	6.896	28.124
1.811	26.534	6.071	25.312
1.811	26.534	3.271	23.037
1.811	26.534	2.268	21.581
1.811	26.534	0.800	19.530
1.811	26.534	1.286	25.060
1.811	26.534	-1.546	18.956
1.811	26.534	0.191	23.130
1.811	26.534	1.363	25.673
1.811	26.534	2.731	28.255
1.811	26.534	4.913	33.269
1.811	26.534	5.740	33.286
1.811	26.534	5.358	32.556
1.811	26.534	1.806	26.366
1.811	26.534	6.144	34.342
1.811	26.534	2.492	27.869
1.811	26.534	3.981	26.405
1.811	26.534	6.833	25.158
1.811	26.534	5.959	24.554
1.811	26.534	5.019	24.948
1.811	26.534	4.126	25.290
1.730	23.822	1.730	23.822
-8.040	27.945	-7.694	28.694	
-8.040	27.945	-5.535	28.709	
-8.040	27.945	-3.008	28.805	
-8.040	27.945	-3.743	28.536	
-8.040	27.945	-6.470	28.020	
-8.040	27.945	-7.425	28.263	
-8.040	27.945	-8.827	29.781	
-8.040	27.945	-8.518	28.170	
-8.040	27.945	-11.154	38.611	
-8.040	27.945	-9.551	37.624	
-8.040	27.945	-8.460	36.873	
-8.040	27.945	-7.175	37.145	
-8.040	27.945	-5.154	38.335	
-8.040	27.945	-4.328	34.826	
-8.040	27.945	-4.686	31.872	
-8.040	27.945	-8.039	26.568	
-8.040	27.945	-3.958	37.546	
-8.040	27.945	-7.402	37.275	
-8.040	27.945	-5.867	33.735	
-8.040	27.945	-2.977	33.818	
-8.040	27.945	-3.831	29.905	
-8.040	27.945	-4.783	27.906	
-8.040	27.945	-5.687	26.383	
POLYLINE BLACK
7.790	38.570
7.830	38.670
7.890	38.750
POLYLINE BLACK
7.470	38.730
7.570	38.910
POLYLINE BLACK
7.710	38.630
7.750	38.710
POLYLINE BLACK
6.950	35.670
7.070	35.730
7.150	35.950
7.150	36.030
7.230	36.270
7.450	36.630
7.610	36.770
7.650	36.770
7.790	36.930
7.930	37.170
7.930	37.250
7.970	37.430
7.970	37.710
7.870	37.950
7.750	38.150
7.690	38.270
7.630	38.570
POLYLINE BLACK
6.990	35.730
6.990	35.690
7.150	35.890
POLYLINE BLACK
3.890	35.530
4.050	35.690
4.190	35.950
4.290	36.130
4.390	36.310
4.410	36.390
4.530	36.570
4.650	36.650
4.730	36.730
4.830	36.770
5.290	37.250
5.390	37.350
5.490	37.390
5.690	37.570
5.770	37.630
5.790	37.690
6.110	37.890
6.430	38.090
6.930	38.370
7.090	38.390
7.130	38.430
7.170	38.430
7.450	38.650
POLYLINE BLACK
3.950	35.650
3.890	35.650
3.850	35.690
3.690	35.710
POLYLINE BLACK
7.230	38.410
7.330	38.610
7.330	38.570
7.270	38.490
7.270	38.490
7.290	38.530
7.290	38.470
POLYLINE BLACK
6.460	34.070
6.280	34.370
6.280	34.490
6.340	34.640
6.580	35.000
6.730	35.300
6.880	35.480
6.880	35.540
6.940	35.600
6.970	35.720
POLYLINE BLACK
6.340	32.930
6.310	33.170
6.310	33.350
6.340	33.470
6.340	33.560
6.280	33.800
6.310	33.920
6.490	34.220
POLYLINE BLACK
5.350	29.300
5.320	29.360
5.440	29.750
5.710	30.050
5.800	30.230
5.830	30.350
5.860	30.470
5.860	30.560
5.980	30.920
6.250	31.400
6.280	31.520
6.310	31.640
6.310	31.970
6.250	32.240
6.220	32.510
6.220	32.780
6.250	32.900
6.250	32.960
POLYLINE BLACK
5.350	29.480
5.290	29.600
5.290	29.690
5.440	30.080
5.740	30.470
5.830	30.680
6.040	30.950
6.070	31.010
POLYLINE BLACK
3.130	30.860
3.340	31.130
3.400	31.400
3.310	31.550
2.980	31.730
2.470	31.790
2.290	31.850
2.170	31.790
1.750	31.910
1.480	31.970
1.360	31.970
1.180	32.120
1.330	32.450
1.900	33.020
2.260	33.260
2.740	33.770
3.100	34.310
3.340	34.910
3.460	35.180
3.580	35.270
3.640	35.270
3.760	35.390
4.000	35.570
POLYLINE BLACK
6.410	20.710
6.860	20.860
6.920	20.920
6.770	20.890
6.590	20.830
6.440	20.830
6.440	20.830
6.740	20.860
6.890	20.830
6.950	20.860
6.590	20.830
6.590	20.830
6.950	20.860
6.650	20.770
6.950	20.770
POLYLINE BLACK
5.120	19.990
4.820	20.590
4.730	20.920
4.910	21.430
4.910	21.700
4.850	22.390
4.790	22.630
4.730	23.050
4.670	23.320
POLYLINE BLACK
6.860	19.750
6.530	19.630
6.470	19.660
6.200	19.600
6.050	19.600
5.990	19.570
5.780	19.600
5.660	19.570
5.480	19.570
POLYLINE BLACK
8.510	20.710
8.210	20.440
8.030	20.290
7.970	20.320
7.790	20.140
POLYLINE BLACK
8.930	22.240
9.020	21.970
9.020	21.880
9.080	21.610
9.080	21.520
8.780	21.010
8.750	20.890
POLYLINE BLACK
8.270	23.680
8.540	23.230
8.570	23.110
8.750	22.720
POLYLINE BLACK
7.520	24.910
7.550	24.760
7.670	24.580
7.760	24.430
7.970	24.040
8.030	23.980
POLYLINE BLACK
7.340	25.120
POLYLINE BLACK
6.560	26.500
6.680	26.140
6.770	26.020
6.830	25.750
6.830	25.630
6.950	25.360
7.100	25.210
POLYLINE BLACK
5.340	29.020
5.070	29.290
5.040	29.410
5.100	29.530
5.130	29.410
5.280	29.170
5.460	29.110
5.580	29.140
5.790	29.170
POLYLINE BLACK
7.860	29.650
7.590	29.560
7.530	29.560
7.470	29.500
7.200	29.440
6.720	29.320
6.600	29.290
6.510	29.320
6.270	29.230
6.150	29.260
5.790	29.140
5.670	29.080
5.610	29.110
5.340	29.050
5.160	29.140
5.100	29.110
5.010	29.200
5.010	29.350
5.070	29.410
POLYLINE BLACK
8.160	29.770
8.100	29.800
7.710	29.680
7.590	29.650
7.470	29.560
7.050	29.500
6.930	29.530
6.810	29.500
6.780	29.440
POLYLINE BLACK
10.710	29.500
10.860	29.350
10.980	29.260
11.220	29.290
11.340	29.260
11.460	29.290
11.640	29.230
11.790	29.230
12.030	29.170
12.150	29.200
12.210	29.230
12.330	29.200
12.390	29.260
12.660	29.320
12.720	29.290
13.080	29.500
13.140	29.500
13.590	29.860
13.830	30.160
14.280	30.610
14.370	30.730
14.400	30.850
14.460	31.120
14.460	31.240
14.790	31.690
15.000	32.080
15.240	32.470
15.450	32.680
15.840	33.100
16.170	33.580
16.290	33.730
16.320	33.850
16.560	34.150
16.650	34.300
16.920	34.660
17.130	34.870
17.370	35.320
17.610	35.590
17.790	35.980
17.850	36.130
17.850	36.220
17.880	36.370
17.880	36.550
17.850	36.700
17.760	36.850
17.460	36.910
17.130	36.820
16.770	36.640
16.530	36.400
16.440	36.370
16.080	36.010
15.900	35.890
15.600	35.560
15.270	35.050
15.060	34.900
14.670	34.480
14.490	34.090
14.310	33.940
13.950	33.790
13.890	33.820
13.830	33.760
13.560	33.700
13.230	33.490
12.780	33.010
12.690	32.800
12.540	32.620
12.450	32.470
12.150	32.260
12.030	32.170
11.640	32.020
11.580	31.960
11.490	31.960
11.430	31.900
11.430	31.840
11.220	31.630
10.980	31.450
10.830	31.390
10.500	31.120
10.410	31.120
9.960	30.850
9.780	30.670
9.660	30.580
POLYLINE BLACK
8.200	29.610
8.040	29.470
POLYLINE BLACK
8.840	30.030
8.560	29.850
8.520	29.850
8.400	29.770
8.360	29.770
8.360	29.730
8.280	29.670
POLYLINE BLACK
9.680	30.950
9.560	30.910
9.380	30.790
9.320	30.730
9.020	30.430
8.860	30.210
8.860	30.170
8.820	30.130
8.820	30.090
8.740	29.970
8.620	29.870
POLYLINE BLACK
6.760	26.830
6.840	26.910
6.960	27.150
7.020	27.230
7.040	27.310
7.180	27.570
7.460	27.770
7.540	27.950
7.560	28.050
7.600	28.130
7.700	28.150
7.780	28.170
7.980	28.230
8.040	28.230
8.080	28.210
8.180	28.230
8.360	28.230
8.500	28.210
8.560	28.210
8.640	28.250
8.820	28.250
8.860	28.270
8.940	28.250
8.980	28.290
9.160	28.270
9.240	28.270
9.320	28.290
9.480	28.310
9.580	28.310
9.700	28.370
9.780	28.370
9.820	28.410
POLYLINE BLACK
9.980	31.010
10.020	30.990
9.900	30.990
9.720	30.930
9.560	30.830
9.520	30.830
9.320	30.670
POLYLINE BLACK
9.900	28.690
10.200	28.990
10.260	29.090
10.460	29.330
10.540	29.350
10.700	29.530
POLYLINE BLACK
9.680	28.390
9.980	28.650
10.040	28.730
POLYLINE BLACK
9.920	28.650
9.980	28.710
POLYLINE BLACK
9.820	28.530
9.860	28.570
POLYLINE BLACK
9.680	28.390
9.700	28.430
POLYLINE BLACK
-10.965	38.295
-10.815	38.370
-10.665	38.295
-10.440	38.295
-9.840	37.920
-9.690	37.845
-9.390	37.395
-8.865	37.095
-8.715	37.095
-8.265	37.245
-7.815	37.620
-7.590	37.620
-7.440	37.770
-7.140	37.770
-6.990	37.845
-6.690	37.770
-6.390	37.770
-5.565	37.470
-5.415	37.320
-5.265	37.320
-4.815	37.020
-4.590	36.645
-4.590	35.295
-4.215	34.695
-4.065	34.545
-3.990	34.320
-3.840	34.170
-3.840	34.020
-3.765	33.720
-3.765	32.745
-3.840	32.595
-3.840	31.395
-3.765	30.645
-3.690	29.370
-3.690	28.995
-4.065	28.020
-4.440	27.570
-4.515	27.195
-5.040	26.595
-5.490	26.370
-5.640	26.370
-6.240	26.220
-6.540	26.220
-6.690	26.295
-6.840	26.220
-7.140	26.370
-7.290	26.370
-7.740	26.670
-8.340	27.570
-8.340	27.720
-8.415	28.020
-8.415	29.595
-8.565	29.895
-8.640	30.270
-9.090	31.170
-9.240	32.220
-9.615	33.270
-10.065	34.020
-10.065	34.170
-10.290	34.620
-10.290	34.845
-10.515	35.370
-10.740	36.195
-10.815	36.495
-10.965	36.645
-11.115	37.170
-11.190	37.470
-11.190	38.295
-10.890	38.370
POLYLINE CONNECT
-8.040	27.945
1.811	26.534
POLYLINE BLACK
2.160	26.670
2.235	26.520
POLYLINE BLACK
2.100	29.130
2.160	29.310
2.160	29.520
2.250	29.730
2.370	29.790
2.520	29.940
2.670	30.000
2.940	30.300
3.120	30.570
3.210	30.900
3.210	31.170
POLYLINE BLACK
2.010	28.890
2.010	29.010
2.100	29.190
2.100	29.250
POLYLINE BLACK
1.440	26.700
1.470	26.820
1.560	26.970
1.740	27.390
1.830	27.900
1.830	28.020
1.890	28.290
2.040	28.950
2.040	29.010
POLYLINE BLACK
6.090	25.590
6.690	26.820
6.780	26.940
POLYLINE BLACK
5.160	24.150
5.580	24.450
5.880	24.870
5.910	24.960
6.000	24.990
6.120	25.200
6.180	25.260
6.270	25.650
POLYLINE BLACK
3.300	22.320
3.570	22.830
3.810	23.160
4.050	23.400
4.410	23.610
4.650	23.790
4.710	23.790
POLYLINE BLACK
3.510	22.770
3.510	22.860
3.630	23.100
POLYLINE BLACK
2.460	21.420
2.820	21.780
2.880	21.780
3.000	21.960
POLYLINE BLACK
1.470	23.040
1.530	23.010
1.470	23.010
1.590	22.980
1.680	22.980
1.800	23.010
1.590	22.950
1.380	22.950
1.590	23.010
1.740	23.040
1.860	23.010
1.500	23.010
1.440	23.040
1.440	23.040
1.710	22.980
POLYLINE BLACK
1.770	23.460
1.650	23.490
1.440	23.490
0.990	23.310
0.840	23.040
0.840	22.890
0.900	22.770
1.320	22.470
1.590	22.410
1.680	22.440
1.740	22.410
2.010	22.530
2.220	22.740
2.220	22.920
2.160	23.070
1.920	23.310
1.860	23.310
1.740	23.430
1.680	23.430
1.560	23.520
1.410	23.520
1.200	23.490
POLYLINE BLACK
1.200	19.800
1.290	20.250
1.380	20.370
1.380	20.460
1.920	21.030
2.070	21.180
2.220	21.330
2.280	21.420
2.340	21.420
POLYLINE BLACK
-1.470	18.420
-1.140	18.750
-0.930	18.840
-0.870	18.900
-0.750	18.900
-0.630	18.990
-0.510	18.990
-0.270	19.080
-0.150	19.080
0.030	19.140
0.120	19.140
0.480	19.260
0.720	19.320
0.900	19.440
0.990	19.590
1.050	19.620
1.080	19.710
POLYLINE BLACK
-1.620	19.770
-1.920	19.260
-1.980	19.110
POLYLINE BLACK
-0.930	21.390
-0.960	21.270
-1.080	21.030
-1.110	20.880
-1.200	20.760
-1.260	20.610
-1.410	20.430
-1.470	20.310
POLYLINE BLACK
-0.240	23.100
-0.330	22.920
-0.360	22.800
-0.450	22.530
-0.540	22.410
-0.570	22.290
-0.660	22.020
POLYLINE BLACK
0.690	25.230
0.720	25.110
0.630	24.990
0.600	24.870
0.450	24.540
0.420	24.420
0.330	24.090
0.240	24.000
0.060	23.670
-0.030	23.520
POLYLINE BLACK
0.810	25.470
POLYLINE BLACK
1.080	26.190
1.140	26.040
1.020	25.890
0.960	25.920
0.960	25.830
0.990	25.770
0.900	25.500
POLYLINE BLACK
1.350	26.700
1.380	26.490
1.320	26.340
1.260	26.280

ELEVATION
STATIONS
31.918	-17.536	7.0
34.631	-16.711	7.1
38.682	-16.967	7.2
42.333	-19.842	7.3
44.505	-20.087	7.4
46.257	-18.517	7.5
48.369	-17.338	7.6
38.632	-13.702	7.7
44.231	-8.289	7.8
46.017	-7.342	7.9
22.568	-25.236	7.1
SHOTS
44.231	-8.289	46.017	-7.342
46.017	-7.342	48.874	-3.764
46.017	-7.342	48.165	-4.901
46.017	-7.342	48.232	-4.393
46.017	-7.342	48.444	-4.332
46.017	-7.342	47.570	-6.583
46.017	-7.342	46.424	-7.223
46.017	-7.342	45.438	-7.682
46.017	-7.342	46.481	-5.466
46.017	-7.342	46.054	-8.313
38.632	-13.702	44.231	-8.289
44.231	-8.289	44.643	-8.118
44.231	-8.289	44.086	-5.504
44.231	-8.289	40.864	-8.340
44.231	-8.289	44.430	-11.965
34.631	-16.711	38.632	-13.702
38.632	-13.702	34.612	-13.100
38.632	-13.702	32.301	-12.016
46.257	-18.517	48.369	-17.338
48.369	-17.338	44.118	-14.893
48.369	-17.338	46.243	-9.324
48.369	-17.338	53.084	-11.917
48.369	-17.338	51.886	-14.386
48.369	-17.338	51.754	-16.192
44.505	-20.087	46.257	-18.517
46.257	-18.517	46.275	-18.530
46.257	-18.517	46.529	-18.514
46.257	-18.517	47.055	-10.934
46.257	-18.517	46.238	-19.918
42.333	-19.842	44.505	-20.087
38.682	-16.967	42.333	-19.842
34.631	-16.711	38.682	-16.967
31.918	-17.536	34.631	-16.711
34.631	-16.711	35.933	-15.962
34.631	-16.711	36.660	-15.947
34.631	-16.711	39.029	-15.851
34.631	-16.711	39.062	-16.120
34.631	-16.711	31.587	-16.636
34.631	-16.711	29.695	-16.393
34.631	-16.711	27.597	-14.875
34.631	-16.711	33.140	-16.486
34.631	-16.711	26.950	-6.045
34.631	-16.711	31.177	-7.032
34.631	-16.711	33.756	-7.783
34.631	-16.711	35.694	-7.511
34.631	-16.711	38.544	-6.321
34.631	-16.711	38.959	-9.830
34.631	-16.711	38.512	-12.784
34.631	-16.711	34.463	-18.088
34.631	-16.711	39.533	-7.110
34.631	-16.711	35.438	-7.381
34.631	-16.711	36.744	-10.921
34.631	-16.711	39.835	-10.838
34.631	-16.711	39.176	-14.751
34.631	-16.711	38.162	-16.750
34.631	-16.711	37.208	-18.273
31.918	-17.536	31.918	-17.536
22.568	-25.236	22.914	-24.487	
22.568	-25.236	25.073	-24.472	
22.568	-25.236	27.600	-24.376	
22.568	-25.236	26.865	-24.645	
22.568	-25.236	24.138	-25.161	
22.568	-25.236	23.183	-24.918	
22.568	-25.236	21.781	-23.400	
22.568	-25.236	22.090	-25.011	
22.568	-25.236	19.454	-14.570	
22.568	-25.236	21.057	-15.557	
22.568	-25.236	22.148	-16.308	
22.568	-25.236	23.433	-16.036	
22.568	-25.236	25.454	-14.846	
22.568	-25.236	26.280	-18.355	
22.568	-25.236	25.922	-21.309	
22.568	-25.236	22.569	-26.613	
22.568	-25.236	26.650	-15.635	
22.568	-25.236	23.206	-15.906	
22.568	-25.236	24.741	-19.446	
22.568	-25.236	27.631	-19.363	
22.568	-25.236	26.777	-23.276	
22.568	-25.236	25.825	-25.275	
22.568	-25.236	24.921	-26.798	
POLYLINE BLACK
39.743	-8.636
39.643	-8.736
POLYLINE BLACK
39.943	-8.536
POLYLINE BLACK
40.443	-8.736
40.343	-8.686
40.143	-8.736
POLYLINE BLACK
40.443	-8.786
POLYLINE BLACK
40.743	-8.286
40.693	-8.436
POLYLINE BLACK
40.943	-7.936
40.893	-8.036
POLYLINE BLACK
41.043	-7.436
40.993	-7.636
POLYLINE BLACK
41.393	-6.886
41.243	-7.136
POLYLINE BLACK
41.943	-6.536
41.843	-6.536
41.793	-6.636
POLYLINE BLACK
45.043	-5.386
44.893	-5.536
44.693	-5.536
44.493	-5.486
44.293	-5.486
44.193	-5.436
43.993	-5.486
43.543	-5.586
43.243	-5.736
43.143	-5.736
42.993	-5.936
42.793	-5.986
42.443	-6.186
42.393	-6.286
42.293	-6.286
42.243	-6.486
POLYLINE BLACK
47.893	-3.886
47.243	-4.436
47.143	-4.686
46.693	-5.336
46.393	-5.536
45.793	-5.536
45.343	-5.436
POLYLINE BLACK
48.143	-3.636
POLYLINE BLACK
41.793	-12.886
41.543	-12.986
POLYLINE BLACK
42.443	-12.786
42.343	-12.786
42.243	-12.886
POLYLINE BLACK
43.043	-12.586
42.943	-12.636
POLYLINE BLACK
44.143	-11.986
44.043	-11.986
43.943	-12.086
POLYLINE BLACK
44.793	-11.586
44.593	-11.736
POLYLINE BLACK
45.393	-10.836
45.343	-10.936
POLYLINE BLACK
46.043	-9.786
45.893	-9.986
45.843	-10.136
POLYLINE BLACK
46.193	-8.886
46.143	-9.136
45.943	-9.586
POLYLINE BLACK
49.793	-3.386
49.493	-3.636
49.393	-3.686
49.293	-3.936
49.193	-4.036
49.143	-4.236
48.743	-4.536
48.243	-5.186
48.193	-5.386
48.043	-5.886
47.993	-6.236
47.893	-6.336
47.843	-6.536
47.693	-6.686
47.443	-6.986
47.393	-7.186
47.193	-7.386
47.043	-7.736
46.893	-7.886
46.893	-7.986
46.543	-8.486
46.343	-8.636
POLYLINE BLACK
43.893	-16.386
44.243	-15.686
44.243	-15.536
44.293	-15.336
44.293	-15.136
44.343	-15.036
44.293	-14.836
44.193	-14.386
44.093	-14.136
43.843	-13.886
43.243	-13.486
43.043	-13.486
42.843	-13.436
42.443	-13.386
42.243	-13.386
42.043	-13.336
41.793	-13.336
41.593	-13.386
41.393	-13.386
41.093	-13.536
40.693	-13.636
40.593	-13.736
40.393	-13.786
40.193	-13.936
40.093	-13.936
39.893	-14.136
39.793	-14.136
39.543	-14.686
39.543	-14.986
39.793	-15.436
39.993	-15.586
40.293	-15.636
40.543	-15.786
40.643	-15.786
40.743	-16.136
40.743	-16.336
40.693	-16.536
40.893	-16.986
41.443	-17.536
41.693	-18.136
42.193	-18.636
42.493	-18.886
42.793	-18.986
42.893	-19.086
43.043	-19.086
43.243	-19.136
43.443	-19.036
43.693	-18.536
43.843	-18.286
43.843	-18.086
43.893	-17.836
43.893	-17.336
43.843	-17.136
43.993	-16.486
44.143	-16.286
POLYLINE BLACK
46.393	-9.086
46.143	-9.036
45.893	-8.586
45.843	-8.386
45.793	-8.136
45.343	-7.636
45.193	-7.436
44.943	-7.336
44.493	-6.986
44.343	-6.986
44.193	-6.886
43.943	-6.836
43.543	-6.686
43.393	-6.686
43.293	-6.636
43.193	-6.686
43.093	-6.636
42.993	-6.686
42.693	-6.536
42.043	-6.436
41.543	-6.286
41.043	-6.286
40.743	-6.436
POLYLINE BLACK
51.693	-10.836
51.593	-10.786
51.393	-10.936
51.193	-10.836
50.943	-10.836
50.843	-10.886
50.743	-10.836
50.493	-10.886
49.893	-10.636
49.693	-10.586
48.743	-10.286
48.343	-10.286
47.893	-10.136
47.293	-9.736
47.143	-9.736
46.693	-9.586
46.493	-9.586
POLYLINE BLACK
53.393	-12.236
53.343	-11.986
53.293	-11.886
53.193	-11.886
53.093	-11.786
52.993	-11.786
52.693	-11.586
52.593	-11.586
52.493	-11.486
52.293	-11.436
51.793	-11.286
51.643	-11.186
51.443	-11.186
51.193	-11.086
POLYLINE BLACK
52.643	-13.086
52.693	-12.886
53.093	-12.286
53.243	-12.086
POLYLINE BLACK
52.043	-16.186
52.143	-15.786
52.243	-15.336
52.243	-15.186
52.293	-14.986
52.243	-14.786
52.093	-14.586
52.093	-14.286
52.343	-13.586
52.493	-13.336
52.693	-13.286
POLYLINE BLACK
49.893	-18.236
50.493	-17.686
50.943	-17.386
51.293	-16.986
51.293	-16.886
51.593	-16.386
51.643	-16.186
51.743	-16.136
POLYLINE BLACK
46.143	-19.836
46.743	-19.536
46.993	-19.586
47.193	-19.536
47.593	-19.536
47.693	-19.486
47.793	-19.536
48.043	-19.486
48.243	-19.486
48.443	-19.536
48.643	-19.436
48.893	-19.186
49.693	-18.386
POLYLINE BLACK
43.643	-20.586
43.893	-20.586
44.143	-20.536
44.343	-20.536
44.643	-20.386
44.993	-20.436
45.093	-20.336
45.593	-20.236
46.093	-19.836
46.193	-19.886
46.293	-19.836
POLYLINE BLACK
41.343	-20.136
41.393	-20.236
41.593	-20.286
41.993	-20.186
42.193	-20.236
42.493	-20.386
42.693	-20.286
42.993	-20.386
43.093	-20.336
43.593	-20.736
POLYLINE BLACK
39.193	-18.586
39.643	-18.686
39.743	-18.786
39.943	-18.836
40.143	-18.886
40.443	-19.386
40.443	-19.636
40.593	-19.936
40.893	-20.086
41.143	-20.086
POLYLINE BLACK
35.393	-17.986
36.043	-17.986
36.493	-18.136
36.693	-18.136
37.143	-18.236
37.343	-18.286
37.543	-18.236
37.743	-18.286
38.193	-18.286
38.493	-18.386
38.893	-18.436
38.993	-18.436
39.093	-18.536
POLYLINE BLACK
19.193	-14.736
19.343	-14.736
19.643	-14.661
19.943	-14.661
20.393	-14.886
20.543	-14.886
21.518	-15.711
21.668	-15.711
21.968	-15.861
22.118	-15.786
22.418	-15.936
23.168	-15.711
23.618	-15.561
24.068	-15.186
24.218	-15.186
24.368	-15.111
24.893	-15.261
25.193	-15.711
25.718	-16.461
25.793	-16.686
25.943	-16.761
26.168	-17.061
26.168	-17.211
26.468	-17.886
26.693	-18.186
27.143	-18.561
27.518	-19.161
27.518	-19.311
27.593	-19.461
27.593	-19.986
27.668	-20.286
27.668	-22.386
27.593	-22.536
27.593	-22.911
27.218	-23.661
26.993	-23.961
26.993	-24.111
26.843	-24.636
26.693	-24.786
26.693	-24.936
26.093	-26.136
25.643	-26.736
25.043	-27.111
24.893	-27.111
24.593	-27.261
24.443	-27.261
24.143	-27.411
23.843	-27.336
23.543	-27.411
23.393	-27.411
22.718	-27.036
22.268	-26.361
21.893	-25.761
21.743	-25.086
21.743	-24.561
21.818	-24.261
21.818	-23.136
21.593	-22.161
21.518	-21.786
21.143	-20.736
20.618	-19.461
20.618	-19.236
20.168	-17.961
19.643	-16.761
19.493	-15.861
19.418	-15.186
19.568	-14.586
19.568	-14.361
POLYLINE CONNECT
22.568	-25.236
34.631	-16.711
POLYLINE BLACK
38.468	-6.386
38.568	-6.486
38.968	-6.536
39.118	-6.536
39.218	-6.586
39.418	-6.586
39.518	-6.636
39.618	-6.586
39.968	-6.636
40.118	-6.636
40.218	-6.686
40.668	-6.586
40.868	-6.536
41.118	-6.486
POLYLINE BLACK
32.068	-7.486
32.593	-7.486
32.893	-7.636
33.493	-7.636
34.018	-7.486
34.168	-7.561
34.468	-7.486
34.918	-7.486
35.218	-7.411
35.518	-7.486
35.893	-7.486
36.718	-7.186
37.018	-7.036
37.168	-7.036
37.693	-6.736
37.993	-6.811
38.368	-6.811
38.668	-6.586
POLYLINE BLACK
25.093	-4.861
25.318	-5.011
25.618	-4.861
25.993	-4.861
26.143	-4.786
26.518	-4.861
26.968	-5.236
27.493	-5.836
27.643	-5.836
27.793	-5.986
27.943	-5.986
28.618	-6.286
28.768	-6.286
29.068	-6.361
29.368	-6.361
29.668	-6.736
30.343	-7.186
30.493	-7.186
30.793	-7.411
31.168	-7.486
31.318	-7.486
POLYLINE BLACK
27.568	-14.761
27.418	-14.611
27.418	-14.461
27.343	-14.311
27.418	-13.936
27.343	-13.636
27.343	-13.486
27.418	-13.186
27.343	-12.886
27.268	-12.511
26.968	-11.836
26.668	-11.611
26.593	-11.311
26.593	-11.011
26.668	-10.636
26.668	-9.811
26.518	-9.511
26.443	-9.136
25.843	-8.386
25.543	-8.236
25.318	-8.236
24.718	-7.936
POLYLINE BLACK
29.893	-16.336
29.293	-15.811
28.993	-15.661
28.318	-15.661
27.943	-15.586
27.268	-15.436
26.968	-15.286
26.818	-14.911
POLYLINE BLACK
31.018	-18.511
31.018	-18.361
31.093	-18.211
31.018	-17.836
31.018	-17.686
30.568	-16.936
29.818	-16.486
29.668	-16.486
POLYLINE BLACK
33.193	-18.136
33.043	-18.286
32.893	-18.211
32.668	-18.511
POLYLINE BLACK
32.818	-18.061
33.493	-18.061
34.093	-17.911
34.393	-17.911
34.693	-17.986
34.843	-17.986
35.143	-17.911
35.443	-17.911
35.668	-17.761
36.268	-17.761
36.343	-17.611
