TRIP
DATE 2005-07-09 
DECLINATION     0.00
DATA
5.27	6.0	0.00	0.00	0.000	>
6.0	6.1	37.07	25.59	1.495	>
6.1	6.2	0.62	47.48	2.038	>
6.2	6.3	273.95	-10.08	1.726	>
6.3		58.82	27.74	3.435	>
6.3		103.23	20.75	2.515	>
6.3		140.44	14.88	2.216	>
6.3		170.47	29.37	3.748	>
6.3		85.89	43.14	4.173	>
6.3		105.01	-68.11	0.611	>
6.3		115.82	75.71	1.256	>
6.3		29.83	1.16	3.157	>
6.3	6.4	33.64	-15.45	4.945	>
6.4	6.5	15.48	5.96	2.551	>
6.5	6.6	28.59	11.93	2.661	>
6.6	6.7	308.44	-27.26	1.260	>
6.7	6.8	250.87	-29.17	1.849	>
6.8	6.9	2.21	-30.74	3.620	>
6.9	6.10	328.49	-43.02	2.748	>
6.10	6.11	35.54	-15.32	2.176	>
6.11		245.84	79.29	0.802	>
6.11		265.29	-82.60	0.663	>
6.11		277.36	22.33	0.692	>
6.11	6.12	16.85	-20.56	4.790	>
6.12		75.66	16.42	1.924	>
6.12		75.58	16.52	1.931	>
6.12		47.60	18.95	1.518	>
6.12		67.87	34.45	1.831	>
6.12		64.92	-0.22	1.845	>
6.12		157.81	16.88	1.605	>
6.12		312.99	-18.70	0.661	>
6.12		238.03	-14.16	6.615	>
6.12		247.42	-13.65	7.223	>
6.12		255.73	-14.08	6.269	>
6.12		278.24	-29.54	5.679	>
6.12		306.98	-37.03	5.817	>
6.12		183.42	-82.26	2.240	>
6.12		188.46	-33.05	1.209	>
6.12		198.43	-1.35	2.373	>
6.12	6.13	68.76	28.34	4.283	>
6.13		226.80	80.14	0.657	>
6.13		72.90	-77.36	1.119	>
6.13		151.35	5.53	0.903	>
6.13		324.67	-2.88	0.358	>
6.13	6.14	63.19	-2.12	2.973	>
6.14		237.76	65.69	2.582	>
6.14		233.56	33.48	2.750	>
6.14		311.83	28.11	1.144	>
6.14		163.40	15.76	1.458	>
6.14		236.41	-51.28	0.737	>
6.14	6.15	73.96	-5.39	10.324	>
6.15	6.16	248.14	-25.94	7.592	<
6.15		236.75	5.62	7.218	<
6.15		227.54	8.20	5.294	<
6.15		203.48	1.48	3.706	<
6.15		264.47	-3.60	9.126	<
6.15		281.79	10.60	5.451	<
6.15		269.59	8.04	2.797	<
6.15		258.79	48.73	4.501	<
6.15		255.65	22.93	6.680	<
6.15		256.81	10.77	8.544	<
6.15		246.58	-64.81	4.457	<
6.15		245.60	-35.75	5.119	<
6.15		248.68	-26.11	7.616	<
6.15		222.64	-45.24	7.222	<
6.15		331.23	5.35	3.379	<
6.15		356.49	4.06	3.994	<
6.15		8.89	3.75	4.759	<
6.15		22.41	7.35	7.459	<
6.15		32.73	8.39	9.587	<
6.15		39.51	14.37	13.268	<
6.15		43.26	8.93	8.824	<
6.15		50.29	5.61	6.801	<
6.15		54.89	3.31	10.872	<
6.15		72.40	6.25	5.191	<
6.15		121.55	3.89	2.124	<
6.15		152.42	5.84	2.006	<
6.15		181.83	2.65	2.660	<
6.15		199.88	1.42	3.621	<
6.15		217.07	-2.25	4.413	<
6.15		21.50	52.64	11.547	<
6.15	6.17	182.93	30.22	3.848	<
6.17	6.18	285.16	-1.09	1.262	<
6.18	6.19	71.93	40.24	7.623	<
6.17	6.20	164.67	-2.94	2.264	>
6.20		250.28	31.66	2.789	>
6.20		171.52	-51.65	1.442	>
6.20		346.55	-0.36	2.214	>
6.20	6.21	166.02	-73.74	2.749	>
6.21		233.35	-37.94	4.312	>
6.12	6.22	280.97	-18.48	1.884	>
6.22	6.23	26.11	-82.82	10.909	>

PLAN
STATIONS
-1.730	-23.822	5.27
-1.730	-23.822	6.0
-0.917	-22.746	6.1
-0.902	-21.369	6.2
-2.597	-21.252	6.3
0.043	-17.284	6.4
0.720	-14.839	6.5
1.966	-12.553	6.6
1.089	-11.857	6.7
-0.436	-12.386	6.8
-0.316	-9.277	6.9
-1.366	-7.564	6.10
-0.146	-5.856	6.11
1.154	-1.564	6.12
4.668	-0.198	6.13
7.320	1.142	6.14
17.198	3.982	6.15
10.862	1.440	6.16
17.028	0.661	6.17
15.810	0.991	6.18
21.342	2.796	6.19
17.626	-1.520	6.20
17.812	-2.267	6.21
-0.600	-1.224	6.22
SHOTS
17.626	-1.520	17.812	-2.267
17.812	-2.267	15.084	-4.297
17.028	0.661	17.626	-1.520
17.626	-1.520	17.111	0.633
17.626	-1.520	17.758	-2.405
17.626	-1.520	15.391	-2.321
15.810	0.991	21.342	2.796
17.028	0.661	15.810	0.991
17.198	3.982	17.028	0.661
17.198	3.982	10.862	1.440
7.320	1.142	17.198	3.982
17.198	3.982	19.766	10.502
17.198	3.982	14.540	0.464
17.198	3.982	15.967	0.578
17.198	3.982	17.113	1.326
17.198	3.982	18.122	2.213
17.198	3.982	19.004	2.873
17.198	3.982	22.117	5.542
17.198	3.982	26.077	10.224
17.198	3.982	22.405	8.306
17.198	3.982	23.172	10.330
17.198	3.982	25.375	13.899
17.198	3.982	22.326	11.961
17.198	3.982	20.018	10.821
17.198	3.982	17.932	8.674
17.198	3.982	16.954	7.958
17.198	3.982	15.579	6.931
17.198	3.982	13.753	0.241
17.198	3.982	10.827	1.496
17.198	3.982	13.415	2.266
17.198	3.982	15.457	3.228
17.198	3.982	9.026	2.067
17.198	3.982	11.238	2.457
17.198	3.982	14.286	3.405
17.198	3.982	14.429	3.962
17.198	3.982	11.953	5.077
17.198	3.982	8.132	3.104
17.198	3.982	15.722	0.584
17.198	3.982	13.332	0.445
17.198	3.982	11.191	0.043
4.668	-0.198	7.320	1.142
7.320	1.142	6.936	0.887
7.320	1.142	7.721	-0.203
7.320	1.142	6.568	1.815
7.320	1.142	5.475	-0.220
7.320	1.142	6.421	0.575
-1.730	-23.822	-1.730	-23.822
-0.917	-22.746	-1.730	-23.822
-0.902	-21.369	-0.917	-22.746
-2.597	-21.252	-0.902	-21.369
0.043	-17.284	-2.597	-21.252
-2.597	-21.252	-1.027	-18.514
-2.597	-21.252	-2.318	-21.387
-2.597	-21.252	-2.377	-21.311
-2.597	-21.252	0.440	-21.034
-2.597	-21.252	-2.056	-24.473
-2.597	-21.252	-1.233	-22.903
-2.597	-21.252	-0.308	-21.790
-2.597	-21.252	0.004	-19.678
0.720	-14.839	0.043	-17.284
1.966	-12.553	0.720	-14.839
1.089	-11.857	1.966	-12.553
-0.436	-12.386	1.089	-11.857
-0.316	-9.277	-0.436	-12.386
-1.366	-7.564	-0.316	-9.277
-0.146	-5.856	-1.366	-7.564
1.154	-1.564	-0.146	-5.856
-0.146	-5.856	-0.781	-5.774
-0.146	-5.856	-0.231	-5.863
-0.146	-5.856	-0.282	-5.917
1.154	-1.564	4.668	-0.198
4.668	-0.198	4.461	0.094
4.668	-0.198	5.099	-0.987
4.668	-0.198	4.902	-0.126
4.668	-0.198	4.586	-0.275
-0.600	-1.224	1.154	-1.564
1.154	-1.564	0.404	-3.815
1.154	-1.564	1.005	-2.566
1.154	-1.564	1.136	-1.865
1.154	-1.564	-2.556	1.230
1.154	-1.564	-3.736	-0.856
1.154	-1.564	-4.739	-3.063
1.154	-1.564	-5.327	-4.259
1.154	-1.564	-4.287	-4.960
1.154	-1.564	0.696	-1.137
1.154	-1.564	1.734	-2.986
1.154	-1.564	2.825	-0.782
1.154	-1.564	2.553	-0.995
1.154	-1.564	2.214	-0.596
1.154	-1.564	2.947	-1.103
1.154	-1.564	2.942	-1.107
0.000	0.000	-0.600	-1.224
POLYLINE BLACK
16.219	-5.139
POLYLINE BLACK
16.834	-4.959
16.759	-4.989
16.729	-5.049
16.594	-5.139
16.504	-5.184
16.474	-5.229
16.369	-5.229
16.264	-5.199
POLYLINE BLACK
17.089	-4.674
17.044	-4.734
16.999	-4.749
16.969	-4.779
16.939	-4.854
POLYLINE BLACK
17.194	-4.329
17.179	-4.359
17.179	-4.464
17.164	-4.539
POLYLINE BLACK
17.179	-3.714
17.164	-3.774
17.164	-3.864
POLYLINE BLACK
17.014	-3.219
17.014	-3.294
17.044	-3.399
POLYLINE BLACK
16.804	-3.054
POLYLINE BLACK
16.954	-3.234
POLYLINE BLACK
17.059	-4.014
17.059	-3.969
POLYLINE BLACK
17.059	-4.374
17.029	-4.344
POLYLINE BLACK
17.029	-4.539
POLYLINE BLACK
16.774	-4.974
POLYLINE BLACK
16.534	-5.109
POLYLINE BLACK
16.219	-5.109
16.249	-5.109
POLYLINE BLACK
16.099	-5.064
POLYLINE BLACK
15.844	-5.019
15.859	-5.049
POLYLINE BLACK
15.589	-4.944
15.619	-4.959
15.634	-4.989
POLYLINE BLACK
15.349	-4.809
15.409	-4.839
POLYLINE BLACK
15.079	-4.644
15.109	-4.719
15.139	-4.749
POLYLINE BLACK
14.914	-4.419
14.914	-4.449
14.944	-4.494
POLYLINE BLACK
14.929	-3.834
14.899	-3.894
14.899	-3.924
14.914	-3.954
14.914	-4.029
14.929	-4.074
14.884	-4.164
14.884	-4.194
14.914	-4.299
POLYLINE BLACK
15.034	-3.459
15.004	-3.504
15.004	-3.534
14.989	-3.564
14.989	-3.609
POLYLINE BLACK
15.094	-3.234
15.064	-3.249
15.034	-3.294
15.034	-3.354
POLYLINE BLACK
15.169	-3.144
POLYLINE BLACK
15.379	-2.964
15.364	-2.994
POLYLINE BLACK
15.574	-2.919
15.544	-2.934
POLYLINE BLACK
15.739	-2.934
POLYLINE BLACK
16.279	-2.889
16.234	-2.889
16.204	-2.904
POLYLINE BLACK
16.549	-2.934
16.519	-2.964
POLYLINE BLACK
16.534	-2.889
POLYLINE BLACK
16.429	-2.949
POLYLINE BLACK
16.534	-3.009
POLYLINE BLACK
16.639	-3.009
POLYLINE BLACK
18.019	1.146
18.019	1.026
17.989	0.876
17.989	0.636
18.019	0.516
18.049	0.276
18.049	0.156
18.079	0.006
18.049	-0.054
18.079	-0.174
18.109	-0.414
18.049	-0.684
17.959	-0.804
17.929	-1.044
18.019	-1.254
18.289	-1.554
18.379	-1.764
POLYLINE BLACK
15.229	-2.334
15.529	-2.484
15.589	-2.484
15.649	-2.544
15.889	-2.604
15.949	-2.724
16.249	-2.844
16.309	-2.814
16.429	-2.844
16.549	-2.814
16.669	-2.844
16.909	-2.904
17.209	-3.144
17.269	-3.144
17.449	-3.264
17.569	-3.264
17.689	-3.294
17.809	-3.294
17.869	-3.234
18.109	-3.174
18.169	-3.204
18.379	-2.814
18.409	-2.694
18.469	-2.424
18.469	-2.244
18.439	-2.124
18.409	-2.004
18.199	-1.584
POLYLINE BLACK
16.639	0.306
16.699	0.096
16.579	-0.384
16.579	-0.504
16.489	-0.714
16.249	-1.014
16.129	-1.194
15.709	-1.644
15.649	-1.764
15.259	-2.154
15.169	-2.334
15.169	-2.454
POLYLINE BLACK
19.909	2.606
19.989	2.666
20.129	2.666
20.289	2.766
20.329	2.746
20.509	2.826
20.589	2.846
20.669	2.906
20.769	2.906
20.809	2.946
20.929	2.946
21.049	3.026
POLYLINE BLACK
19.389	1.666
19.469	1.686
19.569	1.726
19.689	1.726
19.769	1.766
19.829	1.766
19.869	1.786
20.049	1.766
20.269	1.826
20.549	1.886
20.869	1.926
21.169	2.026
21.369	2.046
21.489	2.086
POLYLINE BLACK
19.149	1.626
19.229	1.646
POLYLINE BLACK
18.849	1.506
18.889	1.526
POLYLINE BLACK
18.589	1.406
POLYLINE BLACK
18.309	1.306
POLYLINE BLACK
19.309	2.446
19.389	2.506
19.549	2.506
19.589	2.546
19.669	2.566
19.909	2.666
20.029	2.686
20.129	2.666
20.209	2.666
20.249	2.646
20.409	2.686
20.449	2.686
POLYLINE BLACK
19.009	2.426
19.089	2.426
POLYLINE BLACK
18.729	2.326
POLYLINE BLACK
18.529	2.286
POLYLINE BLACK
18.269	2.206
POLYLINE BLACK
15.469	0.536
15.709	0.596
15.859	0.566
16.009	0.566
16.159	0.536
16.219	0.536
16.549	0.356
16.729	0.236
POLYLINE BLACK
18.229	2.096
18.169	2.096
17.929	1.826
17.839	1.556
17.839	1.136
17.899	0.836
POLYLINE BLACK
15.289	0.506
15.349	0.536
15.469	0.506
15.829	0.506
16.369	0.356
16.609	0.206
16.699	0.086
POLYLINE BLACK
18.049	1.976
17.869	1.856
17.869	1.736
17.809	1.526
17.809	1.226
17.779	1.166
POLYLINE BLACK
6.509	31.636
POLYLINE BLACK
20.219	11.166
20.219	11.106
20.159	10.956
20.129	10.656
20.039	10.266
20.039	10.116
20.039	10.116
20.249	11.166
20.249	11.166
20.159	10.476
20.129	10.236
POLYLINE BLACK
19.799	10.506
19.739	10.506
19.889	10.446
20.009	10.446
19.859	10.416
19.799	10.416
20.129	10.416
19.739	10.536
19.619	10.506
19.769	10.536
20.579	10.536
20.699	10.566
20.489	10.566
19.919	10.656
19.649	10.626
20.369	10.476
20.429	10.506
POLYLINE BLACK
25.739	13.806
25.859	13.776
25.919	13.566
25.949	13.446
25.949	13.206
26.069	12.726
26.069	12.606
26.339	11.796
26.339	11.646
26.399	11.346
26.429	11.106
26.429	10.836
26.399	10.686
26.369	10.416
26.339	10.296
POLYLINE BLACK
24.929	13.566
25.019	13.716
25.409	13.986
25.469	14.016
25.589	13.956
25.739	13.626
25.769	13.506
POLYLINE BLACK
16.559	0.876
16.319	0.786
16.229	0.696
POLYLINE BLACK
22.139	5.466
21.959	5.346
21.569	5.076
21.449	4.956
21.089	4.656
20.699	4.386
20.189	3.936
20.039	3.846
19.439	3.366
19.199	3.216
18.839	2.766
18.779	2.766
18.479	2.496
18.269	2.316
17.999	2.106
17.279	1.386
16.919	1.116
16.619	1.026
16.379	0.906
POLYLINE BLACK
25.949	10.356
26.009	10.356
26.009	10.236
25.799	9.816
25.469	9.366
24.809	8.706
24.659	8.616
24.149	8.076
23.429	7.176
23.369	7.026
23.099	6.756
22.739	6.336
22.469	5.976
22.379	5.826
22.379	5.766
22.259	5.466
22.169	5.346
POLYLINE BLACK
21.779	11.766
21.899	11.796
22.079	11.856
22.169	11.826
22.469	11.916
22.529	11.916
22.949	12.096
23.639	12.546
24.029	12.876
24.509	13.146
24.839	13.386
24.959	13.506
POLYLINE BLACK
21.809	12.006
21.959	12.006
22.019	11.976
22.199	12.066
22.319	12.036
22.439	12.066
22.529	12.066
22.709	12.156
22.769	12.156
22.829	12.216
22.889	12.216
23.009	12.306
POLYLINE BLACK
18.629	9.666
18.689	9.666
18.989	9.816
19.289	10.146
19.649	10.656
19.919	10.776
20.309	11.046
20.429	11.076
20.699	11.256
20.729	11.316
20.819	11.346
21.029	11.556
21.239	11.676
21.449	11.736
POLYLINE BLACK
11.849	5.076
11.999	5.076
12.239	5.136
12.689	5.376
12.749	5.376
13.259	5.676
13.349	5.676
13.559	5.796
13.649	5.796
13.979	5.946
14.039	5.946
14.219	6.096
14.609	6.366
15.059	6.816
15.179	6.846
15.359	6.906
15.479	6.936
15.689	7.056
15.809	7.086
16.409	7.626
16.649	7.866
17.069	8.226
17.279	8.436
17.729	8.826
17.789	8.856
17.819	8.946
17.879	8.946
18.509	9.516
18.569	9.546
POLYLINE BLACK
13.454	-0.729
POLYLINE BLACK
13.634	-0.519
13.574	-0.579
POLYLINE BLACK
13.964	-0.369
13.814	-0.459
POLYLINE BLACK
13.064	-0.609
POLYLINE BLACK
13.184	-0.309
13.154	-0.369
POLYLINE BLACK
13.214	-0.189
POLYLINE BLACK
13.334	0.111
13.304	0.051
POLYLINE BLACK
13.394	0.471
POLYLINE BLACK
13.874	-0.459
13.814	-0.519
POLYLINE BLACK
14.024	-0.249
POLYLINE BLACK
14.234	0.021
POLYLINE BLACK
14.534	0.351
14.504	0.261
POLYLINE BLACK
14.444	0.201
POLYLINE BLACK
13.544	0.021
13.574	-0.039
13.694	-0.069
13.814	-0.099
13.814	-0.159
13.694	-0.129
13.484	-0.129
13.364	-0.189
13.544	-0.189
13.904	-0.129
13.844	-0.069
13.484	-0.009
13.814	0.051
13.964	0.051
14.084	0.081
13.934	0.081
13.664	0.171
13.604	0.141
13.964	0.231
14.024	0.261
13.964	0.201
13.424	0.261
13.364	0.261
13.484	0.231
13.844	0.231
13.664	0.201
13.634	0.201
13.904	0.201
POLYLINE BLACK
6.734	1.851
7.004	1.971
7.244	2.181
7.424	2.301
7.544	2.421
7.664	2.451
7.904	2.661
8.054	2.751
8.114	2.811
8.174	2.811
8.414	3.201
9.014	3.561
9.134	3.591
9.344	3.681
9.494	3.771
10.064	4.041
10.124	4.041
10.184	4.101
10.244	4.101
10.544	4.341
10.874	4.581
10.994	4.671
11.054	4.641
11.174	4.701
11.444	4.701
11.624	4.821
11.744	4.851
11.954	4.941
POLYLINE BLACK
7.784	-0.219
7.964	-0.219
8.114	-0.129
8.174	-0.069
8.294	-0.039
8.534	0.081
8.654	0.021
8.774	0.051
8.954	-0.069
9.074	-0.039
9.134	-0.069
9.524	0.111
9.764	0.111
9.914	0.141
10.094	0.021
10.214	0.021
10.274	-0.039
10.514	-0.039
10.634	-0.069
10.754	-0.009
10.904	-0.009
11.054	0.021
11.294	0.021
11.414	0.081
11.564	0.081
11.624	0.111
11.744	0.081
12.014	0.171
12.164	0.141
12.404	0.201
12.524	0.231
12.734	0.351
12.794	0.351
12.974	0.471
13.244	0.501
13.454	0.561
13.634	0.501
13.754	0.501
13.814	0.531
14.084	0.471
14.294	0.471
14.444	0.441
14.564	0.471
14.804	0.411
15.284	0.531
15.374	0.531
15.554	0.621
15.704	0.651
15.944	0.711
POLYLINE BLACK
5.074	-1.079
5.154	-1.099
5.214	-1.099
5.334	-1.039
5.374	-1.039
5.414	-0.999
5.494	-0.979
5.534	-0.939
5.634	-0.939
5.714	-0.919
5.834	-0.979
5.914	-0.979
5.954	-1.019
6.134	-0.959
6.254	-0.959
6.294	-0.919
6.434	-0.939
6.574	-0.899
6.614	-0.919
6.694	-0.899
6.954	-0.899
6.994	-0.859
7.154	-0.819
7.354	-0.579
7.434	-0.459
7.654	-0.239
POLYLINE BLACK
4.414	0.121
4.434	0.161
4.494	0.161
4.894	0.401
4.934	0.441
4.974	0.441
5.034	0.521
5.034	0.581
5.054	0.661
5.254	0.821
5.354	0.961
5.714	1.301
5.794	1.341
5.894	1.441
6.014	1.521
6.114	1.621
6.354	1.761
6.534	1.801
POLYLINE BLACK
2.894	-1.239
2.934	-1.199
3.034	-1.179
3.114	-1.139
3.174	-1.139
3.354	-1.079
3.434	-1.079
3.734	-1.019
3.814	-1.019
3.934	-1.059
4.134	-1.059
4.314	-1.019
4.394	-0.999
4.434	-0.979
4.674	-1.119
4.754	-1.099
4.834	-1.099
4.974	-1.059
5.054	-1.059
POLYLINE BLACK
2.294	-0.579
2.414	-0.579
2.534	-0.539
2.594	-0.539
2.714	-0.479
2.794	-0.459
2.974	-0.419
3.094	-0.339
3.174	-0.319
3.294	-0.239
3.334	-0.259
3.414	-0.199
3.494	-0.199
3.594	-0.179
3.794	-0.139
3.954	-0.079
4.034	-0.019
4.134	-0.019
4.214	0.041
4.334	0.061
4.374	0.101
POLYLINE BLACK
-4.556	-2.579
-4.586	-2.699
-4.676	-2.909
-4.946	-3.239
-5.006	-3.239
-5.066	-3.179
POLYLINE BLACK
-4.196	-5.069
-4.226	-5.009
-4.286	-5.039
-4.346	-5.009
-4.556	-5.069
-4.616	-5.129
POLYLINE BLACK
-4.586	-2.639
-4.646	-2.639
-4.766	-2.759
-4.886	-2.969
-5.066	-3.119
-5.126	-3.149
POLYLINE BLACK
-4.136	-5.039
-4.376	-4.889
-4.526	-4.889
-4.646	-4.859
-4.766	-4.829
-4.826	-4.859
POLYLINE BLACK
-3.656	-0.809
-3.626	-0.689
-3.506	-0.389
-3.416	-0.269
-3.296	0.091
-3.056	0.691
-2.816	0.991
-2.576	1.231
-2.486	1.351
POLYLINE BLACK
-4.526	-2.819
-4.646	-2.819
-4.646	-2.909
-4.556	-2.699
-4.466	-2.549
-4.316	-2.189
-4.286	-2.069
-4.076	-1.649
-3.956	-1.529
-3.746	-1.079
-3.566	-0.779
POLYLINE BLACK
-4.706	-3.059
-4.706	-2.999
-4.286	-2.789
POLYLINE BLACK
-3.896	-5.339
-4.046	-5.099
POLYLINE BLACK
-1.616	-5.789
-1.676	-5.819
-1.736	-5.789
-1.796	-5.819
-1.856	-5.759
-2.096	-5.789
-2.186	-5.789
-2.426	-5.879
-2.576	-5.849
-2.846	-5.909
-2.936	-5.909
-2.996	-5.939
-3.116	-5.909
-3.236	-5.909
-3.596	-5.759
-3.836	-5.519
-3.896	-5.369
-3.986	-5.249
-4.106	-5.039
-4.166	-4.979
POLYLINE BLACK
-2.366	-5.969
-2.486	-6.029
-2.576	-5.939
-2.696	-5.999
-2.816	-5.939
-2.876	-5.969
-2.936	-5.939
-2.966	-5.819
-3.086	-5.699
-3.116	-5.609
-3.236	-5.519
-3.356	-5.549
-3.416	-5.579
-3.476	-5.549
-3.596	-5.579
-3.686	-5.489
-3.686	-5.429
-3.746	-5.369
-3.806	-5.369
-4.106	-5.129
POLYLINE BLACK
-0.716	-5.819
-0.866	-5.669
-1.226	-5.849
-1.406	-5.849
-1.526	-5.879
-1.766	-5.849
-1.856	-5.849
-1.976	-5.939
-2.096	-5.969
-2.156	-5.939
POLYLINE BLACK
0.854	-1.089
0.774	-1.169
0.694	-1.109
0.694	-1.029
0.794	-0.869
POLYLINE BLACK
2.254	-0.549
2.254	-0.589
2.194	-0.589
2.154	-0.629
2.114	-0.629
2.094	-0.669
1.934	-0.709
1.814	-0.769
1.714	-0.769
1.594	-0.849
1.474	-0.969
1.394	-0.989
1.294	-1.089
1.214	-1.109
1.054	-1.169
1.014	-1.149
0.974	-1.189
0.894	-1.169
0.814	-1.189
0.754	-1.129
POLYLINE BLACK
1.674	-2.909
1.694	-2.809
1.734	-2.649
1.854	-2.369
2.074	-2.089
2.154	-1.949
2.214	-1.869
2.294	-1.729
2.374	-1.649
2.414	-1.549
2.854	-1.129
2.894	-1.109
POLYLINE BLACK
-0.026	-6.209
0.054	-6.129
0.154	-5.929
0.154	-5.869
0.254	-5.709
0.354	-5.589
0.494	-5.429
0.534	-5.429
0.914	-4.649
0.954	-4.609
0.974	-4.429
0.994	-4.349
1.054	-4.169
1.114	-4.029
1.214	-3.909
1.234	-3.809
1.274	-3.769
1.294	-3.669
1.394	-3.389
1.414	-3.309
1.474	-3.189
1.494	-3.089
1.634	-2.929
1.734	-2.889
POLYLINE BLACK
-2.021	-7.984
-2.021	-7.954
-2.006	-7.894
-1.946	-7.789
-1.946	-7.684
-1.931	-7.624
-1.931	-7.594
-1.871	-7.474
-1.661	-7.234
-1.601	-7.099
-1.541	-7.039
-1.526	-6.994
-1.481	-6.934
-1.451	-6.919
-1.391	-6.814
-1.331	-6.769
-1.226	-6.574
-1.061	-6.349
-1.046	-6.319
-1.046	-6.274
-1.001	-6.184
-1.001	-6.139
-0.851	-5.929
-0.821	-5.914
-0.806	-5.869
-0.776	-5.854
-0.776	-5.824
-0.761	-5.794
POLYLINE BLACK
-0.041	-5.989
-0.086	-5.929
-0.086	-5.899
POLYLINE BLACK
0.964	-7.474
0.934	-7.474
0.814	-7.549
0.784	-7.579
0.739	-7.594
0.709	-7.639
0.664	-7.654
0.574	-7.729
0.529	-7.744
0.439	-7.834
0.409	-7.834
0.199	-7.939
0.169	-7.969
0.139	-7.969
0.034	-8.014
0.004	-8.014
-0.011	-7.954
-0.011	-7.924
0.064	-7.804
0.214	-7.669
0.379	-7.549
0.454	-7.474
0.484	-7.399
0.469	-7.369
0.289	-7.339
0.169	-7.339
0.049	-7.369
-0.011	-7.369
-0.056	-7.399
-0.086	-7.399
-0.146	-7.444
-0.176	-7.444
-0.296	-7.504
-0.326	-7.504
-0.476	-7.549
-0.506	-7.549
-0.566	-7.534
-0.611	-7.534
-0.746	-7.504
-0.821	-7.519
-0.911	-7.489
-0.911	-7.459
-0.806	-7.324
-0.776	-7.324
-0.626	-7.204
-0.536	-7.129
-0.476	-7.039
-0.446	-7.024
-0.416	-6.964
-0.416	-6.934
-0.386	-6.904
-0.371	-6.859
-0.281	-6.739
-0.131	-6.499
-0.056	-6.319
-0.056	-6.289
-0.041	-6.229
-0.041	-6.199
-0.026	-6.139
-0.026	-6.064
-0.011	-6.004
-0.011	-5.854
0.004	-5.884
POLYLINE BLACK
1.339	-7.954
1.294	-7.969
1.099	-8.149
1.054	-8.164
0.844	-8.314
0.724	-8.404
0.619	-8.434
0.514	-8.509
0.484	-8.509
0.424	-8.539
0.394	-8.524
0.364	-8.419
0.574	-8.224
0.694	-8.134
0.814	-7.939
0.874	-7.849
1.099	-7.549
1.144	-7.489
POLYLINE BLACK
0.784	-8.659
0.859	-8.599
0.919	-8.524
1.099	-8.389
1.129	-8.344
1.324	-8.179
1.369	-8.164
1.429	-8.119
1.474	-8.119
POLYLINE BLACK
1.069	-8.494
POLYLINE BLACK
0.979	-8.614
POLYLINE BLACK
0.274	-9.484
0.184	-9.424
0.094	-9.244
0.094	-9.214
0.079	-9.154
0.094	-9.124
0.124	-9.124
0.214	-9.064
0.394	-8.914
0.589	-8.809
0.664	-8.749
0.769	-8.704
0.829	-8.704
POLYLINE BLACK
-0.611	-9.634
-0.611	-9.604
-0.596	-9.544
-0.596	-9.439
-0.671	-9.319
-0.731	-9.304
-0.761	-9.274
-0.791	-9.274
-0.851	-9.259
-0.896	-9.259
-0.956	-9.274
-1.016	-9.259
-1.151	-9.319
-1.211	-9.319
-1.331	-9.349
-1.391	-9.334
-1.421	-9.334
-1.586	-9.214
-1.661	-9.124
-1.706	-8.989
-1.706	-8.929
-1.736	-8.794
-1.811	-8.674
-1.811	-8.644
-1.961	-8.434
-1.991	-8.359
-2.066	-8.269
-2.081	-8.194
-2.081	-8.104
-2.036	-7.999
-2.036	-7.939
-2.021	-7.879
-2.021	-7.849
POLYLINE BLACK
0.274	-9.784
0.244	-9.784
0.199	-9.709
0.199	-9.679
0.154	-9.559
0.154	-9.514
POLYLINE BLACK
-0.971	-9.904
-0.911	-9.949
-0.821	-9.874
-0.791	-9.874
-0.671	-9.769
-0.626	-9.694
-0.626	-9.664
-0.596	-9.604
POLYLINE BLACK
-2.516	-12.604
-2.501	-12.574
-2.336	-12.454
-2.156	-12.379
-2.126	-12.349
-2.096	-12.349
-1.976	-12.274
-1.901	-12.259
-1.811	-12.214
-1.781	-12.214
-1.751	-12.169
-1.721	-12.154
-1.661	-12.049
-1.631	-11.989
-1.631	-11.929
-1.646	-11.899
-1.646	-11.854
-1.676	-11.794
-1.676	-11.734
-1.601	-11.569
-1.541	-11.479
-1.526	-11.434
-1.421	-11.284
-1.271	-10.969
-1.256	-10.894
-1.241	-10.834
-1.241	-10.774
-1.226	-10.744
-1.226	-10.699
-1.211	-10.669
-1.211	-10.624
-1.166	-10.459
-1.166	-10.429
-1.136	-10.309
-1.136	-10.279
-1.031	-10.069
-1.001	-10.039
-0.956	-9.904
-0.866	-9.829
-0.851	-9.799
POLYLINE BLACK
-2.051	-12.634
-2.066	-12.604
-2.126	-12.604
-2.276	-12.649
-2.366	-12.694
-2.396	-12.694
-2.501	-12.739
-2.531	-12.739
-2.561	-12.769
POLYLINE BLACK
-2.111	-13.099
-2.036	-12.934
-1.916	-12.769
-1.871	-12.679
-1.871	-12.649
-1.961	-12.589
-1.991	-12.589
-2.021	-12.604
-2.066	-12.604
-2.096	-12.619
-2.141	-12.619
-2.171	-12.634
-2.276	-12.634
-2.306	-12.649
-2.396	-12.619
-2.426	-12.559
-2.426	-12.484
-2.291	-12.334
-2.231	-12.304
-2.156	-12.304
-1.961	-12.244
-1.886	-12.214
-1.826	-12.154
-1.796	-12.154
POLYLINE BLACK
-2.111	-13.084
POLYLINE BLACK
1.624	-11.734
1.504	-11.659
1.474	-11.659
1.294	-11.614
1.264	-11.614
1.234	-11.599
1.204	-11.614
1.144	-11.599
1.084	-11.614
1.054	-11.614
1.024	-11.599
0.949	-11.614
0.919	-11.644
0.889	-11.644
0.829	-11.614
0.709	-11.614
0.604	-11.584
0.574	-11.584
0.484	-11.509
0.484	-11.314
0.454	-11.254
0.454	-11.224
0.394	-11.119
0.394	-11.029
0.409	-10.969
0.409	-10.939
0.439	-10.819
0.439	-10.744
0.424	-10.684
0.364	-10.594
0.304	-10.429
0.304	-10.279
0.244	-10.039
0.244	-9.979
0.229	-9.919
0.229	-9.874
0.169	-9.754
0.169	-9.724
POLYLINE BLACK
-2.681	-13.654
-2.651	-13.654
-2.486	-13.549
-2.366	-13.474
-2.336	-13.444
-2.291	-13.429
-2.141	-13.249
-2.096	-13.159
POLYLINE BLACK
-1.841	-13.414
-1.886	-13.399
-1.946	-13.414
-1.976	-13.414
-2.096	-13.504
-2.126	-13.504
-2.306	-13.609
-2.381	-13.639
-2.441	-13.699
-2.501	-13.699
-2.651	-13.789
POLYLINE BLACK
-2.186	-13.684
-2.051	-13.609
-1.961	-13.534
-1.916	-13.519
-1.886	-13.489
-1.856	-13.489
-1.826	-13.459
POLYLINE BLACK
-2.486	-13.924
-2.426	-13.834
-2.396	-13.819
-2.321	-13.714
-2.246	-13.669
POLYLINE BLACK
-2.036	-13.999
-2.066	-13.969
-2.126	-13.969
-2.186	-13.984
-2.216	-13.984
-2.246	-14.014
-2.276	-14.014
POLYLINE BLACK
-1.391	-13.729
-1.421	-13.729
-1.481	-13.759
-1.511	-13.759
-1.541	-13.789
-1.571	-13.789
-1.601	-13.804
POLYLINE BLACK
0.424	-12.544
0.394	-12.544
0.289	-12.589
0.259	-12.589
0.169	-12.649
0.124	-12.664
0.004	-12.769
-0.071	-12.784
-0.131	-12.799
-0.161	-12.799
-0.221	-12.814
-0.251	-12.814
-0.416	-12.949
-0.446	-12.979
-0.461	-13.024
-0.671	-13.204
-0.791	-13.309
-0.821	-13.309
-0.911	-13.414
-0.941	-13.429
-0.986	-13.489
-1.301	-13.684
-1.331	-13.714
POLYLINE BLACK
1.174	-12.484
1.144	-12.454
1.069	-12.439
1.009	-12.454
0.949	-12.454
0.919	-12.469
0.814	-12.469
0.754	-12.499
0.694	-12.499
0.664	-12.514
0.619	-12.514
0.589	-12.499
0.529	-12.514
0.499	-12.544
0.469	-12.544
0.439	-12.574
0.409	-12.574
0.349	-12.619
0.319	-12.619
POLYLINE BLACK
1.519	-12.679
1.489	-12.679
1.399	-12.559
1.369	-12.544
1.354	-12.514
1.204	-12.424
1.144	-12.439
1.084	-12.439
0.994	-12.469
0.964	-12.454
POLYLINE BLACK
2.569	-11.944
2.539	-11.929
2.479	-11.944
2.449	-11.944
2.359	-11.899
2.329	-11.899
2.179	-11.824
2.119	-11.824
2.014	-11.794
1.954	-11.809
1.924	-11.809
1.894	-11.794
1.864	-11.809
1.804	-11.779
1.774	-11.779
1.744	-11.749
1.579	-11.719
1.444	-11.719
1.414	-11.704
POLYLINE BLACK
0.664	-14.704
0.679	-14.629
0.709	-14.614
0.769	-14.524
0.769	-14.494
0.799	-14.464
0.799	-14.434
0.859	-14.284
0.904	-14.194
0.904	-14.164
0.964	-13.999
1.039	-13.879
1.099	-13.714
1.099	-13.684
1.144	-13.549
1.144	-13.489
1.174	-13.429
1.174	-13.399
1.219	-13.309
1.234	-13.204
1.264	-13.174
1.264	-13.144
1.354	-12.979
1.429	-12.889
1.429	-12.859
1.549	-12.679
1.549	-12.709
POLYLINE BLACK
3.214	-12.304
3.214	-12.244
3.199	-12.184
3.169	-12.169
3.139	-12.199
3.094	-12.214
3.109	-12.184
3.079	-12.154
2.989	-12.154
2.899	-12.109
2.839	-12.109
2.809	-12.094
2.779	-12.109
2.749	-12.079
2.749	-12.034
2.734	-12.004
2.629	-11.974
2.599	-11.989
2.509	-11.944
POLYLINE BLACK
3.064	-12.424
3.094	-12.409
POLYLINE BLACK
3.004	-12.439
POLYLINE BLACK
2.854	-12.604
POLYLINE BLACK
2.614	-12.589
2.689	-12.589
2.719	-12.604
POLYLINE BLACK
2.449	-12.604
POLYLINE BLACK
2.209	-12.919
2.209	-12.664
2.224	-12.604
2.269	-12.544
2.299	-12.544
2.359	-12.589
POLYLINE BLACK
1.249	-14.764
1.219	-14.734
1.234	-14.704
1.234	-14.599
1.324	-14.449
1.324	-14.419
1.399	-14.329
1.519	-14.179
1.579	-14.134
1.699	-13.969
1.714	-13.924
1.774	-13.879
1.894	-13.624
1.969	-13.504
1.999	-13.444
1.999	-13.414
2.059	-13.279
2.059	-13.174
2.119	-13.054
2.179	-12.964
2.179	-12.904
2.209	-12.844
POLYLINE BLACK
2.944	-13.384
2.884	-13.444
2.884	-13.474
2.854	-13.504
2.794	-13.669
2.764	-13.729
2.764	-13.759
2.689	-13.849
2.659	-13.864
2.584	-13.864
2.524	-13.894
2.494	-13.894
2.374	-13.939
2.284	-14.014
2.164	-14.119
2.149	-14.164
1.969	-14.329
1.834	-14.404
1.714	-14.479
1.669	-14.539
1.519	-14.659
1.429	-14.719
1.384	-14.734
1.339	-14.794
1.279	-14.809
1.249	-14.809
1.219	-14.839
POLYLINE BLACK
0.169	-17.539
0.184	-17.509
0.184	-17.464
0.229	-17.314
0.229	-17.284
0.274	-17.179
0.274	-17.149
0.304	-17.089
0.304	-17.044
0.379	-16.924
0.424	-16.864
0.424	-16.834
0.514	-16.684
0.559	-16.579
0.604	-16.519
0.604	-16.489
0.679	-16.369
0.694	-16.309
0.724	-16.279
0.769	-16.174
0.799	-16.144
0.814	-16.099
0.844	-16.084
0.889	-15.994
0.919	-15.979
0.919	-15.949
0.949	-15.949
1.009	-15.919
1.039	-15.874
1.129	-15.799
1.189	-15.709
1.189	-15.679
1.279	-15.604
1.294	-15.574
1.324	-15.574
1.474	-15.454
1.504	-15.424
1.534	-15.424
1.579	-15.364
1.714	-15.274
1.744	-15.274
1.759	-15.229
1.879	-15.139
1.984	-15.004
1.999	-14.959
2.074	-14.869
2.149	-14.839
2.269	-14.749
2.329	-14.734
2.419	-14.629
2.479	-14.599
2.554	-14.494
2.629	-14.374
2.659	-14.299
2.704	-14.269
2.719	-14.239
2.749	-14.224
2.839	-14.059
2.929	-13.939
2.929	-13.909
3.019	-13.714
3.049	-13.684
3.049	-13.654
3.079	-13.609
3.079	-13.579
3.019	-13.489
3.019	-13.459
POLYLINE BLACK
-0.416	-17.314
-0.356	-17.194
-0.356	-17.164
-0.311	-17.089
-0.311	-17.059
-0.251	-16.939
-0.251	-16.909
-0.221	-16.819
-0.191	-16.789
-0.191	-16.759
-0.161	-16.699
-0.161	-16.654
-0.131	-16.624
-0.131	-16.594
-0.116	-16.534
-0.116	-16.504
-0.056	-16.369
-0.056	-16.339
0.154	-15.904
0.244	-15.784
0.319	-15.589
0.319	-15.544
0.364	-15.454
0.364	-15.409
0.379	-15.349
0.379	-15.319
0.439	-15.184
0.439	-15.154
0.454	-15.094
0.499	-15.034
0.499	-15.004
0.649	-14.794
0.724	-14.704
POLYLINE BLACK
0.256	-17.347
0.226	-17.317
0.226	-17.287
0.196	-17.257
0.196	-17.227
0.106	-17.182
0.106	-17.182
POLYLINE BLACK
-1.514	-18.382
-1.379	-18.367
-1.349	-18.367
-1.154	-18.262
-1.034	-18.157
-1.004	-18.142
-0.959	-18.082
-0.929	-18.067
-0.884	-17.992
-0.794	-17.917
-0.749	-17.827
-0.749	-17.797
-0.689	-17.707
-0.614	-17.617
-0.554	-17.572
-0.494	-17.482
-0.494	-17.452
-0.464	-17.452
-0.449	-17.422
-0.419	-17.422
-0.389	-17.407
-0.344	-17.317
POLYLINE BLACK
-1.859	-18.742
-1.799	-18.697
-1.784	-18.652
-1.649	-18.472
-1.619	-18.472
-1.589	-18.442
-1.559	-18.442
-1.499	-18.457
-1.469	-18.457
-1.439	-18.472
-1.379	-18.457
-1.319	-18.472
-1.259	-18.472
-1.214	-18.457
POLYLINE BLACK
-0.479	-18.757
-0.479	-18.652
-0.434	-18.517
-0.389	-18.442
-0.389	-18.412
-0.314	-18.292
-0.179	-18.052
-0.089	-17.932
0.061	-17.707
0.106	-17.602
0.136	-17.572
0.136	-17.542
0.181	-17.437
0.181	-17.407
0.196	-17.377
0.196	-17.272
POLYLINE BLACK
-0.329	-18.982
-0.389	-18.997
-0.449	-18.967
-0.479	-18.967
-0.539	-18.922
-0.539	-18.892
-0.569	-18.832
-0.569	-18.757
-0.509	-18.592
POLYLINE BLACK
-1.889	-18.907
-1.799	-18.787
-1.769	-18.607
-1.709	-18.577
POLYLINE BLACK
-0.209	-19.357
-0.329	-19.177
-0.419	-19.057
-0.629	-18.937
-0.719	-18.847
POLYLINE BLACK
-2.339	-20.317
-2.249	-20.077
-2.249	-20.017
-2.159	-19.897
-2.159	-19.837
-2.009	-19.597
-2.009	-19.297
-1.919	-19.027
-1.739	-18.517
-1.739	-18.457
POLYLINE BLACK
-0.509	-22.357
-0.449	-22.177
-0.119	-21.667
0.061	-21.517
0.091	-21.427
0.181	-21.337
0.391	-21.037
0.391	-20.947
0.421	-20.827
0.421	-20.527
0.241	-20.077
-0.119	-19.597
-0.209	-19.357
-0.449	-19.027
-0.659	-18.847
POLYLINE BLACK
-2.639	-24.097
-2.579	-24.097
-2.309	-24.367
-2.219	-24.457
-2.009	-24.457
-1.859	-24.307
-1.739	-24.037
POLYLINE BLACK
-2.609	-21.127
-2.549	-20.797
-2.519	-20.677
-2.459	-20.467
-2.399	-20.407
-2.399	-20.347
-2.159	-20.017
POLYLINE BLACK
-2.729	-21.397
-2.789	-21.577
-2.819	-21.847
-2.819	-22.027
-2.789	-22.177
-2.789	-22.327
-2.759	-22.447
-2.759	-22.657
-2.729	-22.777
-2.729	-22.897
-2.699	-23.107
-2.699	-23.227
-2.669	-23.347
-2.639	-23.617
-2.399	-24.187
-2.339	-24.247

ELEVATION
STATIONS
31.918	17.536	5.27
31.918	17.536	6.0
30.569	18.182	6.1
29.192	19.684	6.2
27.493	19.382	6.3
22.727	18.065	6.4
20.189	18.330	6.5
17.586	18.880	6.6
16.467	18.303	6.7
14.853	17.402	6.8
11.742	15.552	6.9
9.733	13.677	6.10
7.634	13.102	6.11
3.150	11.420	6.12
6.920	13.453	6.13
9.891	13.343	6.14
20.169	12.374	6.15
13.342	9.053	6.16
16.844	14.311	6.17
15.582	14.287	6.18
9.763	19.212	6.19
19.105	14.195	6.20
19.875	11.556	6.21
1.363	10.823	6.22
55.199	17.743	6.11
SHOTS
19.105	14.195	19.875	11.556
19.875	11.556	21.215	8.905
16.844	14.311	19.105	14.195
19.105	14.195	16.892	14.181
19.105	14.195	19.993	13.064
19.105	14.195	19.288	15.659
15.582	14.287	9.763	19.212
16.844	14.311	15.582	14.287
20.169	12.374	16.844	14.311
20.169	12.374	13.342	9.053
9.891	13.343	20.169	12.374
20.169	12.374	24.438	21.552
20.169	12.374	16.642	12.201
20.169	12.374	18.045	12.464
20.169	12.374	19.353	12.497
20.169	12.374	20.568	12.578
20.169	12.374	21.598	12.518
20.169	12.374	25.327	12.939
20.169	12.374	30.427	13.002
20.169	12.374	26.367	13.039
20.169	12.374	27.664	13.744
20.169	12.374	30.766	15.666
20.169	12.374	27.301	13.773
20.169	12.374	24.767	13.328
20.169	12.374	22.170	12.685
20.169	12.374	21.032	12.657
20.169	12.374	19.427	12.689
20.169	12.374	15.824	7.246
20.169	12.374	13.359	9.022
20.169	12.374	16.059	9.383
20.169	12.374	18.287	8.341
20.169	12.374	11.786	13.970
20.169	12.374	14.019	14.976
20.169	12.374	17.210	15.757
20.169	12.374	17.502	12.765
20.169	12.374	15.430	13.377
20.169	12.374	11.213	11.801
20.169	12.374	17.811	12.470
20.169	12.374	15.476	13.129
20.169	12.374	13.308	13.081
6.920	13.453	9.891	13.343
9.891	13.343	9.433	12.768
9.891	13.343	9.640	13.739
9.891	13.343	9.524	13.882
9.891	13.343	7.629	14.860
9.891	13.343	8.832	15.696
31.918	17.536	31.918	17.536
30.569	18.182	31.918	17.536
29.192	19.684	30.569	18.182
27.493	19.382	29.192	19.684
22.727	18.065	27.493	19.382
27.493	19.382	24.343	19.446
27.493	19.382	27.451	20.599
27.493	19.382	27.420	18.815
27.493	19.382	25.632	22.235
27.493	19.382	29.877	21.220
27.493	19.382	28.114	19.951
27.493	19.382	26.676	20.273
27.493	19.382	24.743	20.981
20.189	18.330	22.727	18.065
17.586	18.880	20.189	18.330
16.467	18.303	17.586	18.880
14.853	17.402	16.467	18.303
11.742	15.552	14.853	17.402
9.733	13.677	11.742	15.552
7.634	13.102	9.733	13.677
3.150	11.420	7.634	13.102
7.634	13.102	7.738	13.365
7.634	13.102	7.665	12.445
7.634	13.102	7.731	13.890
3.150	11.420	6.920	13.453
6.920	13.453	6.833	13.435
6.920	13.453	7.034	13.540
6.920	13.453	7.164	12.361
6.920	13.453	6.816	14.100
1.363	10.823	3.150	11.420
3.150	11.420	2.842	11.364
3.150	11.420	3.194	10.761
3.150	11.420	3.190	9.200
3.150	11.420	-1.024	7.917
3.150	11.420	-1.786	8.620
3.150	11.420	-2.350	9.895
3.150	11.420	-2.699	9.715
3.150	11.420	-1.546	9.802
3.150	11.420	2.619	11.208
3.150	11.420	3.990	11.886
3.150	11.420	4.641	11.413
3.150	11.420	4.414	12.456
3.150	11.420	4.006	11.913
3.150	11.420	4.822	11.969
3.150	11.420	4.818	11.964
0.000	0.000	1.363	10.823
55.199	17.743	54.635	18.006	
55.199	17.743	55.134	17.086	
55.199	17.743	55.124	18.531	
POLYLINE BLACK
68.884	17.408
68.484	17.558
68.284	17.758
68.184	17.758
67.434	18.608
67.334	18.658
POLYLINE BLACK
69.684	18.858
69.584	18.758
69.234	18.758
69.134	18.858
68.934	18.908
68.684	19.208
68.534	19.458
68.234	19.608
68.134	19.608
POLYLINE BLACK
68.434	17.408
68.384	17.608
67.734	18.258
67.484	18.408
POLYLINE BLACK
71.684	16.558
71.534	16.708
71.234	17.158
71.084	17.408
70.434	18.058
69.434	18.758
68.684	19.208
POLYLINE BLACK
73.234	15.508
72.584	16.108
72.134	16.358
71.934	16.358
POLYLINE BLACK
69.734	16.158
69.634	16.208
69.584	16.358
69.284	16.558
68.984	16.958
68.784	17.008
68.534	17.258
68.334	17.308
68.034	17.558
67.834	17.658
POLYLINE BLACK
70.134	15.908
70.034	15.958
POLYLINE BLACK
70.534	15.558
70.434	15.558
POLYLINE BLACK
70.934	15.208
POLYLINE BLACK
71.284	15.108
POLYLINE BLACK
71.434	14.958
POLYLINE BLACK
75.984	8.208
76.434	8.258
77.034	8.358
77.134	8.308
77.684	8.308
77.884	8.358
78.484	8.258
78.684	8.258
78.784	8.308
78.984	8.308
79.134	8.258
79.484	8.258
79.784	8.208
80.184	8.208
81.034	8.658
81.234	8.708
81.884	9.008
83.034	9.008
83.184	8.958
83.284	9.008
83.384	8.958
84.084	9.108
84.434	9.058
84.634	9.108
84.784	9.108
85.234	9.308
85.534	9.658
85.684	9.908
86.484	10.658
87.134	11.058
87.684	11.508
88.034	12.058
88.184	12.408
88.434	12.858
88.684	13.758
88.684	14.058
88.734	14.308
88.734	14.958
88.684	15.158
88.584	15.808
POLYLINE BLACK
74.584	15.858
74.634	15.758
74.884	15.908
75.384	16.258
75.784	16.658
76.284	16.958
76.384	16.908
76.584	17.008
76.734	16.958
77.034	17.158
77.684	17.908
77.834	18.158
78.184	18.458
78.584	18.758
78.784	18.808
79.484	19.508
80.384	20.758
80.884	21.158
81.184	21.358
81.484	21.608
81.684	21.758
81.884	21.808
82.134	21.558
82.134	21.158
82.034	20.358
82.034	20.208
81.984	20.008
81.984	19.808
82.184	19.308
82.384	19.108
82.834	18.208
83.034	18.058
84.084	17.708
84.334	17.708
85.884	17.208
86.934	16.808
87.134	16.758
87.584	16.608
88.134	16.058
88.384	15.808
88.434	15.708
POLYLINE BLACK
72.984	6.808
72.864	6.838
73.224	6.928
73.314	6.928
73.434	6.958
73.554	6.988
73.254	7.078
73.104	7.048
72.834	7.048
72.714	7.078
73.014	6.988
73.254	6.988
73.524	6.928
73.494	6.988
72.834	6.988
72.834	6.988
72.984	6.958
73.344	6.898
73.554	6.928
73.614	6.928
73.494	6.958
73.314	6.958
73.134	6.988
72.954	6.988
73.014	6.958
73.434	6.958
73.254	6.988
73.134	7.018
73.044	7.048
73.134	6.988
73.494	6.958
73.614	6.958
73.764	6.928
73.824	6.928
73.614	6.988
73.494	6.988
73.434	6.958
73.134	6.958
73.194	6.928
73.494	6.928
73.644	6.898
73.854	6.898
73.554	6.988
73.254	7.048
73.194	7.048
POLYLINE BLACK
72.804	6.508
POLYLINE BLACK
68.364	12.028
68.424	12.028
68.454	11.908
68.604	11.668
68.604	11.608
68.874	11.398
68.994	11.368
69.234	11.278
69.294	11.278
69.714	11.038
69.984	10.768
70.164	10.618
70.224	10.618
70.404	10.498
70.464	10.498
70.524	10.408
70.644	10.378
70.794	10.408
71.064	10.348
71.184	10.378
71.424	10.228
72.054	9.808
72.114	9.808
72.324	9.688
72.414	9.688
72.774	9.568
72.894	9.478
73.044	9.508
73.164	9.448
73.254	9.448
73.494	9.388
73.614	9.358
73.914	8.998
74.484	8.728
74.544	8.668
74.604	8.668
74.754	8.578
74.874	8.578
75.324	8.368
75.684	8.308
75.804	8.278
76.014	8.338
76.134	8.338
POLYLINE BLACK
67.524	12.568
67.644	12.508
67.764	12.568
67.884	12.478
67.974	12.478
68.364	11.998
68.544	11.878
68.604	11.818
POLYLINE BLACK
84.694	9.388
POLYLINE BLACK
67.824	14.158
67.944	13.978
68.064	13.888
68.214	13.888
68.334	13.858
68.574	13.888
68.694	13.888
68.754	13.918
68.814	13.888
68.874	13.918
68.994	13.888
69.204	13.888
69.384	13.978
69.474	13.978
69.774	14.158
69.894	14.158
70.044	14.248
70.284	14.368
70.404	14.368
70.524	14.458
70.914	14.548
71.094	14.668
71.214	14.698
71.364	14.788
71.424	14.758
71.544	14.848
71.664	14.878
71.784	14.938
71.874	14.938
72.144	15.028
72.264	15.058
72.444	15.118
72.594	15.208
72.714	15.238
72.774	15.298
73.104	15.358
73.224	15.358
73.344	15.448
73.614	15.478
73.734	15.508
73.854	15.598
73.914	15.568
74.424	15.778
74.604	15.778
74.664	15.808
POLYLINE BLACK
66.964	12.858
67.084	12.828
67.144	12.858
67.204	12.798
67.324	12.768
67.504	12.648
67.594	12.648
67.654	12.588
67.774	12.588
POLYLINE BLACK
64.264	14.088
64.324	14.058
64.654	14.208
64.984	14.568
65.104	14.778
65.314	14.868
65.854	15.258
66.004	15.408
66.304	15.708
66.574	15.678
66.694	15.708
66.694	15.768
66.964	15.498
67.144	15.108
67.174	14.988
67.234	14.868
67.324	14.778
67.444	14.448
67.504	14.388
67.534	14.268
67.744	14.058
67.804	14.028
POLYLINE BLACK
64.894	12.408
64.954	12.378
65.254	12.558
65.734	12.678
65.854	12.648
65.974	12.708
66.094	12.678
66.154	12.738
66.274	12.738
66.454	12.858
66.514	12.828
66.694	12.858
66.814	12.828
66.994	12.798
67.054	12.828
POLYLINE BLACK
64.774	12.348
64.204	12.108
63.964	11.958
63.844	11.928
63.784	11.868
63.604	11.838
63.424	11.688
63.304	11.598
63.184	11.568
63.004	11.328
62.794	11.118
62.644	10.908
62.404	10.698
POLYLINE BLACK
61.414	12.318
61.564	12.318
61.864	12.498
61.954	12.618
61.984	12.768
62.014	12.828
61.984	12.888
62.224	13.158
62.314	13.158
62.614	13.308
62.674	13.308
62.854	13.428
63.004	13.488
63.094	13.608
63.214	13.638
63.274	13.698
63.454	13.698
63.514	13.728
63.634	13.698
63.844	13.788
63.964	13.878
64.024	13.878
64.144	13.998
64.204	13.998
64.324	14.118
POLYLINE BLACK
60.994	8.958
60.904	9.108
60.784	9.228
60.604	9.528
60.574	9.678
60.184	10.158
60.064	10.218
59.764	10.788
59.494	11.088
59.434	11.088
59.164	11.268
59.044	11.268
58.924	11.298
58.744	11.298
58.564	11.358
58.444	11.388
58.324	11.418
57.934	11.688
57.544	11.958
57.364	12.078
57.244	12.168
POLYLINE BLACK
56.134	12.438
56.374	12.318
56.644	12.288
56.764	12.288
56.884	12.258
56.944	12.198
57.064	12.198
57.124	12.138
57.244	12.138
POLYLINE BLACK
56.374	13.938
56.434	13.908
56.494	13.938
56.854	13.848
56.944	13.848
57.184	13.788
57.274	13.788
57.454	13.728
57.664	13.698
57.724	13.638
57.934	13.638
58.414	13.428
58.954	13.308
59.104	13.278
59.254	13.188
59.314	13.188
59.824	13.008
59.914	13.008
60.244	12.888
60.334	12.888
60.604	12.768
60.754	12.768
60.994	12.678
61.324	12.348
61.474	12.198
POLYLINE BLACK
55.294	17.478
55.294	17.508
55.279	17.538
55.279	17.613
55.264	17.673
55.264	17.763
55.279	17.823
55.279	17.928
55.309	17.958
55.339	18.093
55.384	18.288
55.384	18.498
55.309	18.648
55.189	18.723
55.129	18.723
55.099	18.708
55.054	18.708
54.994	18.663
54.859	18.483
54.784	18.333
54.754	18.303
54.724	18.228
54.649	18.198
54.649	18.168
54.574	18.033
54.574	17.943
54.589	17.883
54.589	17.793
54.664	17.523
54.739	17.358
54.739	17.328
54.859	17.133
54.889	17.103
54.904	17.058
54.964	17.058
55.024	17.013
55.114	17.013
55.144	16.998
55.204	17.013
55.264	17.013
55.294	17.028
55.339	17.133
55.339	17.223
55.324	17.283
55.324	17.538
55.309	17.598
55.309	17.733
55.294	17.793
55.294	17.928
55.324	18.003
55.354	18.033
POLYLINE CONNECT
55.199	17.743
7.634	13.102
POLYLINE BLACK
52.699	15.603
52.719	15.563
52.839	15.583
52.979	15.723
52.999	15.763
53.039	15.763
53.119	15.823
53.199	15.843
53.319	16.043
53.499	16.083
53.599	15.983
53.599	15.763
53.659	15.583
53.819	15.463
53.859	15.323
53.859	15.243
53.839	15.103
54.019	15.143
54.219	15.303
54.279	15.243
54.299	15.163
54.459	15.003
54.519	14.903
54.579	14.883
54.699	14.763
54.739	14.743
POLYLINE BLACK
52.119	16.063
52.099	15.983
52.159	15.923
52.159	15.883
52.219	15.803
52.259	15.703
52.419	15.603
52.459	15.623
52.539	15.563
52.619	15.563
52.659	15.583
52.699	15.543
POLYLINE BLACK
55.439	14.163
55.399	14.183
55.319	14.163
55.139	14.163
54.999	14.143
54.919	14.163
54.799	14.263
54.699	14.323
54.559	14.463
54.539	14.543
54.479	14.643
54.459	14.723
54.459	14.843
54.479	14.923
54.499	15.083
54.499	15.123
54.579	14.883
54.679	14.723
54.859	14.503
54.959	14.343
55.139	14.203
55.219	14.183
55.399	14.063
55.479	14.043
55.659	13.983
55.699	14.003
55.779	13.983
55.819	13.983
POLYLINE BLACK
54.499	15.223
54.439	15.103
54.439	15.043
54.419	14.963
54.439	14.883
54.599	14.883
54.759	14.783
54.899	14.563
54.959	14.463
54.999	14.303
55.039	14.203
55.199	14.083
55.279	14.063
55.619	13.903
55.699	13.903
55.799	13.923
55.879	13.943
55.959	13.903
56.079	13.963
56.119	13.943
56.239	13.983
POLYLINE BLACK
53.639	13.283
53.679	13.363
53.759	13.383
53.799	13.423
53.919	13.403
53.959	13.363
54.039	13.343
54.159	13.303
54.239	13.223
54.319	13.203
54.399	13.143
54.559	13.143
54.659	13.123
54.779	13.123
54.979	13.043
55.159	12.923
55.199	12.923
55.579	12.563
55.699	12.523
55.779	12.503
55.859	12.483
55.939	12.483
55.979	12.503
56.019	12.483
56.099	12.503
56.139	12.503
POLYLINE BLACK
52.379	14.783
52.459	14.763
52.739	14.483
52.899	14.263
52.979	14.223
53.079	14.123
53.299	13.943
53.479	13.723
53.499	13.643
53.639	13.383
53.659	13.243
POLYLINE BLACK
52.039	15.143
52.159	15.103
52.299	14.943
52.419	14.763
52.519	14.643
52.779	14.363
POLYLINE BLACK
51.559	15.343
51.579	15.383
51.679	15.403
51.699	15.443
51.819	15.403
51.879	15.403
52.039	15.303
52.079	15.303
POLYLINE BLACK
47.699	18.663
47.799	18.503
47.839	18.463
47.939	18.463
48.019	18.483
48.099	18.463
48.239	18.323
48.319	18.323
48.479	18.243
48.619	18.243
48.819	18.283
48.979	18.283
49.059	18.223
49.139	18.223
49.279	18.243
49.379	18.243
49.499	18.303
49.619	18.323
49.719	18.383
49.799	18.343
49.819	18.203
49.819	18.083
50.159	17.723
50.159	17.643
50.119	17.563
50.299	17.383
50.359	17.283
50.439	17.203
50.479	17.243
50.559	17.223
50.639	17.223
50.779	17.263
50.819	17.243
50.899	17.263
50.939	17.263
50.979	17.223
51.019	17.223
51.219	17.063
51.279	16.963
51.499	16.723
51.519	16.643
51.619	16.423
51.739	16.303
51.779	16.303
51.899	16.223
51.959	16.143
51.959	16.103
52.119	15.903
POLYLINE BLACK
47.139	17.983
47.399	17.723
47.479	17.703
47.679	17.563
47.759	17.483
47.859	17.423
48.099	17.263
48.339	17.103
48.419	17.083
48.559	16.963
48.599	16.963
48.739	16.823
48.779	16.823
48.879	16.663
49.019	16.583
49.099	16.563
49.219	16.503
49.399	16.503
49.519	16.463
49.699	16.283
49.799	16.183
49.979	16.123
50.019	16.123
50.079	16.003
50.239	15.863
50.319	15.863
50.499	15.803
50.659	15.803
50.939	15.563
51.019	15.543
51.079	15.463
51.119	15.483
51.199	15.463
51.239	15.463
51.359	15.363
51.479	15.363
51.559	15.343
51.639	15.343
51.799	15.163
51.799	15.123
POLYLINE BLACK
46.299	18.503
46.319	18.423
46.439	18.343
46.639	18.203
46.679	18.203
46.759	18.143
46.839	18.123
47.059	18.023
47.139	18.003
47.219	17.963
47.239	17.923
POLYLINE BLACK
46.799	18.103
46.879	18.123
46.939	18.123
47.019	18.143
47.099	18.103
47.179	18.023
47.239	17.963
POLYLINE BLACK
46.339	19.183
46.319	19.223
46.559	19.403
46.699	19.443
46.739	19.423
46.819	19.443
46.959	19.343
47.259	19.043
47.479	18.923
47.559	18.903
47.639	18.843
47.639	18.783
47.659	18.703
47.659	18.643
47.699	18.563
POLYLINE BLACK
46.339	18.423
46.379	18.443
46.619	18.323
46.699	18.263
46.739	18.263
46.839	18.083
46.839	18.043
POLYLINE BLACK
44.739	18.963
44.879	18.923
45.059	18.923
45.139	18.943
45.279	18.943
45.579	19.043
45.659	19.043
45.739	18.983
45.859	18.983
45.939	19.003
45.979	19.003
46.019	19.043
46.079	19.043
46.319	19.183
POLYLINE BLACK
46.039	17.123
46.239	17.183
46.439	17.183
46.659	17.123
46.719	17.123
46.859	17.063
47.039	16.923
47.139	16.923
47.459	16.763
47.359	16.883
47.179	17.163
47.099	17.243
47.079	17.303
46.799	17.503
46.639	17.583
POLYLINE BLACK
46.379	18.043
46.499	17.963
46.699	17.723
46.839	17.463
46.939	17.363
47.019	17.183
47.059	17.183
47.119	17.103
47.059	17.023
46.819	16.923
46.779	16.883
46.739	16.903
46.699	16.863
46.639	16.863
46.559	16.843
46.479	16.863
46.159	17.083
46.059	17.083
45.859	17.163
45.799	17.163
45.719	17.183
45.639	17.183
45.539	17.203
POLYLINE BLACK
43.519	18.663
43.699	18.663
43.799	18.703
43.919	18.703
44.019	18.743
44.079	18.743
44.219	18.783
44.279	18.783
44.379	18.803
44.539	18.803
44.679	18.783
44.759	18.803
44.859	18.843
44.919	18.843
44.959	18.863
POLYLINE BLACK
46.719	17.943
46.679	17.983
46.519	17.983
46.479	17.963
46.219	18.103
46.139	18.163
46.059	18.183
45.939	18.223
45.859	18.223
45.699	18.183
45.579	18.223
45.519	18.223
45.399	18.283
45.299	18.303
45.219	18.323
45.179	18.303
45.059	18.363
44.979	18.343
44.939	18.323
44.899	18.343
44.739	18.263
44.519	18.223
44.479	18.223
44.539	18.263
44.599	18.263
44.859	18.383
44.919	18.383
45.079	18.463
45.299	18.463
45.559	18.523
45.619	18.523
45.699	18.483
45.779	18.503
45.959	18.463
46.179	18.503
POLYLINE BLACK
42.199	17.663
42.359	17.703
42.599	17.783
42.659	17.783
42.759	17.823
42.839	17.903
42.919	17.903
43.019	17.963
43.099	17.983
43.319	17.983
43.439	17.943
43.479	17.903
43.599	17.883
43.659	17.843
43.739	17.823
43.819	17.803
44.059	17.743
44.099	17.703
44.139	17.703
44.219	17.643
44.299	17.643
44.439	17.583
44.479	17.543
44.519	17.543
44.599	17.483
44.719	17.463
44.779	17.363
44.879	17.343
44.959	17.283
45.059	17.283
45.199	17.223
45.419	17.123
45.679	17.123
45.719	17.143
45.899	17.043
46.059	16.983
46.219	16.823
46.359	16.783
46.419	16.783
46.479	16.723
POLYLINE BLACK
42.539	18.463
42.579	18.423
42.759	18.483
42.839	18.483
42.979	18.523
43.139	18.563
43.279	18.543
43.359	18.563
43.519	18.603
43.619	18.643
POLYLINE BLACK
41.749	18.543
41.869	18.453
41.989	18.453
42.109	18.423
42.229	18.453
42.499	18.453
42.559	18.423
42.619	18.453
42.739	18.423
42.799	18.423
POLYLINE BLACK
40.999	17.583
41.059	17.523
41.179	17.553
41.299	17.583
41.659	17.643
41.809	17.643
41.989	17.763
42.109	17.763
42.169	17.793
42.229	17.733
42.469	17.763
42.529	17.733
POLYLINE BLACK
32.329	18.123
32.059	17.973
POLYLINE BLACK
33.709	17.253
33.679	17.313
33.559	17.313
33.349	17.373
33.019	17.373
32.959	17.343
32.899	17.373
32.779	17.343
32.539	17.373
32.329	17.403
32.149	17.313
32.029	17.283
POLYLINE BLACK
33.289	22.203
33.169	22.263
33.019	22.083
32.929	21.813
33.019	21.603
33.169	21.423
33.289	21.213
33.439	21.033
33.559	20.763
33.619	20.433
33.679	19.983
33.679	19.833
33.649	19.683
33.589	19.593
33.589	19.533
33.499	19.413
33.469	19.293
33.379	19.083
33.199	18.783
33.079	18.603
33.019	18.543
33.019	18.483
32.869	18.303
32.599	18.183
32.419	18.033
32.299	18.033
32.119	17.943
32.029	17.943
31.999	17.883
POLYLINE BLACK
33.199	22.923
POLYLINE BLACK
36.259	18.543
36.259	18.603
36.079	18.723
35.839	18.723
35.779	18.663
35.659	18.633
35.389	18.513
35.209	18.393
35.089	18.393
34.729	18.063
34.429	17.883
34.309	17.853
34.039	17.553
33.919	17.523
33.739	17.433
33.619	17.403
33.499	17.373
33.199	17.373
33.139	17.343
POLYLINE BLACK
36.049	18.573
35.929	18.513
35.869	18.573
35.809	18.573
35.599	18.783
35.419	18.933
35.359	18.933
35.299	19.023
35.239	19.023
35.179	19.083
POLYLINE BLACK
41.719	18.393
41.599	18.573
41.539	18.573
41.479	18.633
41.359	18.663
40.999	18.783
40.939	18.783
40.819	18.873
40.609	18.933
40.489	19.053
40.369	19.053
40.099	19.233
39.979	19.263
39.739	19.473
39.679	19.473
39.589	19.623
39.469	19.743
39.409	19.743
39.199	20.013
38.869	20.523
38.539	20.853
38.209	21.003
37.789	21.363
37.669	21.393
37.189	21.483
36.919	21.453
36.739	21.393
36.679	21.423
36.469	21.333
36.229	21.393
36.079	21.423
35.689	21.543
35.569	21.573
35.269	21.753
35.149	21.843
35.029	21.873
34.669	22.023
34.519	22.173
34.069	22.383
33.769	22.563
33.679	22.563
33.559	22.593
33.229	22.473
32.989	22.233
32.989	22.053
POLYLINE BLACK
35.479	18.333
35.539	18.333
35.719	18.513
35.779	18.513
35.899	18.603
36.229	18.663
36.739	18.573
36.889	18.543
37.039	18.513
37.189	18.513
37.849	18.333
38.089	18.213
38.209	18.183
38.389	18.093
38.509	18.063
38.689	17.943
38.899	17.943
39.079	17.883
39.139	17.883
39.199	17.823
39.319	17.823
39.499	17.703
39.679	17.583
39.889	17.553
40.039	17.583
40.159	17.553
40.219	17.583
40.369	17.553
40.489	17.583
40.669	17.583
40.729	17.553
40.909	17.613
41.029	17.583
41.089	17.643
POLYLINE BLACK
36.364	19.443
POLYLINE BLACK
36.424	19.443
