TRIP
DATE 2005-07-09 
DECLINATION     0.00
DATA
1.53	5.0	0.00	0.00	0.000	>
5.0		242.62	77.71	2.809	>
5.0		308.80	-5.38	1.151	>
5.0		50.11	-50.81	2.298	>
5.0		57.65	-22.39	6.975	>
5.0	5.1	12.18	12.75	6.302	>
5.1		302.69	73.61	4.431	>
5.1		204.48	37.77	3.486	>
5.1		0.87	50.36	2.488	>
5.1		289.85	0.61	0.937	>
5.1		130.57	2.26	0.989	>
5.1		1.79	-0.29	3.207	>
5.1	5.2	22.56	-10.22	4.643	>
5.1		338.75	-4.29	2.150	>
5.1	5.3	339.18	-2.96	2.149	>
5.3		59.48	-65.59	6.270	>
5.2		62.56	-73.23	5.174	>
5.2		134.59	-79.15	3.172	>
5.2		195.55	-7.24	2.436	>
5.2		178.93	66.36	2.412	>
5.2		136.22	-3.49	1.264	>
5.2		66.98	-3.65	1.274	>
5.2	5.4	65.76	-53.77	4.654	>
5.4		61.96	77.98	3.004	>
5.4		54.30	18.04	3.213	>
5.4		43.11	-53.88	4.739	>
5.4		331.83	-1.14	0.703	>
5.4		35.32	-83.46	6.602	>
5.4		102.25	4.56	0.993	>
5.4	5.5	38.23	-23.13	2.451	>
5.5		126.71	-0.54	1.383	>
5.5		307.41	-1.00	0.632	>
5.5		122.47	76.76	2.675	>
5.5		95.19	-88.17	3.120	>
5.5		45.30	-8.24	2.978	>
5.5		2.88	-13.81	1.969	>
5.5		65.19	-6.31	2.057	>
5.5		44.93	-47.39	2.637	>
5.5		33.78	-0.38	1.806	>
5.5	5.6	22.68	-10.78	3.902	>
5.6		118.98	-2.79	1.193	>
5.6		310.42	53.78	0.914	>
5.6		26.26	28.59	1.434	>
5.6		218.53	35.68	0.958	>
5.6		103.57	-78.01	0.287	>
5.6	5.7	8.87	-10.32	3.343	>
5.7		113.51	-4.64	0.976	>
5.7		115.30	47.74	0.811	>
5.7		297.59	2.62	0.897	>
5.7	5.8	23.06	14.34	3.915	>
5.8		291.60	-22.43	0.291	>
5.8		105.84	-4.76	1.121	>
5.8		101.66	38.67	0.938	>
5.8	5.9	54.18	-3.03	2.574	>
5.9		309.90	3.45	1.760	>
5.9		94.48	77.04	0.684	>
5.9		342.52	3.70	2.245	>
5.9		46.52	11.91	1.332	>
5.9	5.10	10.97	24.58	3.426	>
5.10		226.55	87.20	0.537	>
5.10		287.76	0.21	0.800	>
5.10		127.91	9.81	1.179	>
5.10		352.19	39.63	1.997	>
5.10		229.06	2.77	0.950	>
5.10		202.04	-52.07	0.932	>
5.10		203.75	-37.82	2.512	>
5.10		202.24	-18.44	1.894	>
5.10		198.71	8.11	1.127	>
5.10		350.15	36.26	2.030	>
5.10	5.11	56.09	5.81	2.133	>
5.11		153.05	24.50	1.765	>
5.11		313.01	-4.47	0.859	>
5.11		200.92	84.75	0.795	>
5.11		86.58	24.01	2.202	>
5.11		46.38	-0.74	1.788	>
5.11	5.12	52.61	31.19	4.861	>
5.12		250.71	83.80	0.785	>
5.12		234.44	-17.50	2.205	>
5.12		22.26	32.43	2.733	>
5.12		71.59	41.92	3.480	>
5.12		320.19	2.77	0.868	>
5.12		278.37	-1.84	1.059	>
5.11	5.13	340.06	-26.46	2.974	>
5.13		211.42	30.31	1.298	>
5.13		154.91	44.99	2.255	>
5.13		157.74	9.17	1.305	>
5.13		156.21	14.36	2.298	>
5.13		111.42	32.46	2.839	>
5.13		92.71	-7.13	0.596	>
5.13		263.46	3.13	0.440	>
5.13		259.51	69.39	0.312	>
5.13	5.14	321.96	45.45	2.212	>
5.14	5.15	245.98	61.77	2.467	>
5.15	5.16	343.93	-1.83	0.752	>
5.16		147.89	84.86	1.239	>
5.16		101.50	-53.18	4.511	>
5.16		109.71	-10.24	1.440	>
5.16		189.52	1.32	1.518	>
5.16		64.74	6.25	2.279	>
5.16	5.17	36.46	21.13	1.883	>
5.17		114.47	-2.80	1.003	>
5.17		287.00	1.80	0.667	>
5.17		129.32	-67.94	1.084	>
5.17		242.97	86.92	1.023	>
5.17		273.25	63.38	5.818	>
5.17	5.18	343.91	52.19	1.895	>
5.18	5.19	49.25	-4.16	3.310	>
5.19		134.93	0.00	0.582	>
5.19		317.52	1.95	1.031	>
5.19		150.79	74.49	1.302	>
5.19		97.74	-72.45	1.774	>
5.19		155.72	58.90	2.952	>
5.19	5.20	42.32	-10.27	2.227	>
5.20		109.88	1.29	0.665	>
5.20		305.92	5.04	1.422	>
5.20		184.50	86.47	2.071	>
5.20		332.66	-75.04	1.788	>
5.20		37.55	13.80	2.335	>
5.20		8.42	9.48	1.620	>
5.20		9.08	10.25	1.635	>
5.20		352.70	14.23	1.558	>
5.20		333.98	17.68	1.962	>
5.20		338.65	12.74	1.842	>
5.20		333.79	28.53	1.719	>
5.20	5.21	339.41	19.94	2.011	>
5.21	5.22	71.58	42.23	1.616	>
5.22		296.44	6.06	0.635	>
5.22		3.66	3.66	1.365	>
5.22		328.62	-8.98	1.019	>
5.22		82.30	71.64	1.897	>
5.22		210.11	48.84	2.614	>
5.22		239.45	23.69	3.051	>
5.22		244.35	15.43	1.793	>
5.22		259.15	-60.23	1.317	>
5.22		341.52	-20.85	1.239	>
5.22		341.60	6.79	1.015	>
5.22	5.23	343.46	-3.70	1.457	>
5.23		317.56	20.18	1.415	>
5.23		281.72	0.98	1.763	>
5.23		279.58	24.19	2.252	>
5.23		279.26	41.33	3.237	>
5.23		245.18	13.82	0.741	>
5.23		329.45	43.54	2.288	>
5.23		310.85	51.94	3.742	>
5.23		288.06	48.91	3.636	>
5.23		279.63	43.60	3.624	>
5.23		357.30	37.35	1.200	>
5.23		178.53	-78.15	0.380	>
5.23		316.02	81.98	0.856	>
5.23	5.24	55.99	0.36	3.352	>
5.24		319.48	69.94	1.108	>
5.24		332.49	-59.83	1.301	>
5.24		318.81	1.12	2.041	>
5.24	5.25	32.88	8.25	4.689	>
5.25		141.76	-3.11	1.662	>
5.25		149.88	87.88	2.533	>
5.25		138.19	-64.15	1.689	>
5.25		214.41	6.57	3.775	>
5.25		211.26	22.89	3.054	>
5.25		204.93	50.13	2.616	>
5.25		78.69	6.82	2.332	>
5.25		78.80	5.86	2.323	>
5.25	5.26	89.17	-19.83	2.951	>
5.26		331.14	6.18	2.463	>
5.26		139.20	8.88	0.499	>
5.26		29.92	-1.51	2.733	>
5.26		14.23	-1.99	3.334	>
5.26		344.34	5.80	3.098	>
5.26		351.77	33.32	6.846	>
5.26		326.72	42.42	5.282	>
5.26		41.00	-77.36	5.239	>
5.26		35.50	-36.12	8.999	>
5.26		43.70	-57.34	7.040	>
5.26		100.46	-78.56	5.723	>
5.26		33.38	-34.37	8.431	>
5.26		23.07	-25.27	5.032	>
5.26		19.10	-11.66	3.586	>
5.26		51.82	-27.99	3.356	>
5.24	5.27	322.02	-5.16	2.044	>

PLAN
STATIONS
-19.734	-70.272	1.53
-19.734	-70.272	5.0
-18.437	-64.264	5.1
-16.684	-60.044	5.2
-19.200	-62.258	5.3
-14.176	-58.915	5.4
-12.781	-57.144	5.5
-11.303	-53.607	5.6
-10.796	-50.357	5.7
-9.310	-46.867	5.8
-7.226	-45.363	5.9
-6.633	-42.304	5.10
-4.872	-41.120	5.11
-1.568	-38.595	5.12
-5.780	-38.617	5.13
-6.736	-37.395	5.14
-7.802	-37.870	5.15
-8.010	-37.148	5.16
-6.966	-35.735	5.17
-7.288	-34.619	5.18
-4.787	-32.464	5.19
-3.312	-30.844	5.20
-3.977	-29.074	5.21
-2.842	-28.696	5.22
-3.256	-27.302	5.23
-0.477	-25.427	5.24
2.042	-21.530	5.25
4.818	-21.490	5.26
-8.404	-39.862	5.13
SHOTS
2.042	-21.530	4.818	-21.490
4.818	-21.490	7.148	-19.658
4.818	-21.490	5.967	-18.171
4.818	-21.490	6.601	-17.303
4.818	-21.490	8.647	-15.679
4.818	-21.490	5.934	-21.696
4.818	-21.490	7.443	-18.743
4.818	-21.490	9.039	-15.572
4.818	-21.490	5.570	-20.625
4.818	-21.490	2.678	-18.230
4.818	-21.490	3.999	-15.828
4.818	-21.490	3.986	-18.522
4.818	-21.490	5.637	-18.260
4.818	-21.490	6.181	-19.122
4.818	-21.490	5.140	-21.863
4.818	-21.490	3.636	-19.345
-18.437	-64.264	-19.200	-62.258
-19.200	-62.258	-16.968	-60.942
-19.734	-70.272	-19.734	-70.272
-18.437	-64.264	-19.734	-70.272
-19.734	-70.272	-14.286	-66.821
-19.734	-70.272	-18.620	-69.341
-19.734	-70.272	-20.627	-69.554
-19.734	-70.272	-20.265	-70.547
-16.684	-60.044	-18.437	-64.264
-18.437	-64.264	-19.214	-62.266
-18.437	-64.264	-18.337	-61.059
-18.437	-64.264	-17.686	-64.907
-18.437	-64.264	-19.318	-63.946
-18.437	-64.264	-18.413	-62.677
-18.437	-64.264	-19.579	-66.772
-18.437	-64.264	-19.489	-63.589
-14.176	-58.915	-16.684	-60.044
-16.684	-60.044	-15.514	-59.547
-16.684	-60.044	-15.811	-60.955
-16.684	-60.044	-16.666	-61.011
-16.684	-60.044	-17.332	-62.372
-16.684	-60.044	-16.259	-60.463
-16.684	-60.044	-15.359	-59.356
-12.781	-57.144	-14.176	-58.915
-14.176	-58.915	-13.209	-59.125
-14.176	-58.915	-13.741	-58.301
-14.176	-58.915	-14.508	-58.295
-14.176	-58.915	-12.267	-56.876
-14.176	-58.915	-11.695	-57.132
-14.176	-58.915	-13.624	-58.621
-11.303	-53.607	-12.781	-57.144
-12.781	-57.144	-11.777	-55.643
-12.781	-57.144	-11.520	-55.880
-12.781	-57.144	-10.925	-56.286
-12.781	-57.144	-12.685	-55.234
-12.781	-57.144	-10.686	-55.071
-12.781	-57.144	-12.682	-57.153
-12.781	-57.144	-12.264	-57.473
-12.781	-57.144	-13.283	-56.760
-12.781	-57.144	-11.672	-57.971
-10.796	-50.357	-11.303	-53.607
-11.303	-53.607	-11.245	-53.621
-11.303	-53.607	-11.788	-54.216
-11.303	-53.607	-10.746	-52.478
-11.303	-53.607	-11.714	-53.257
-11.303	-53.607	-10.261	-54.184
-9.310	-46.867	-10.796	-50.357
-10.796	-50.357	-11.590	-49.942
-10.796	-50.357	-10.303	-50.590
-10.796	-50.357	-9.904	-50.745
-7.226	-45.363	-9.310	-46.867
-9.310	-46.867	-8.593	-47.015
-9.310	-46.867	-8.235	-47.172
-9.310	-46.867	-9.560	-46.768
-6.633	-42.304	-7.226	-45.363
-7.226	-45.363	-6.280	-44.466
-7.226	-45.363	-7.899	-43.226
-7.226	-45.363	-7.073	-45.375
-7.226	-45.363	-8.574	-44.236
-4.872	-41.120	-6.633	-42.304
-6.633	-42.304	-6.913	-40.691
-6.633	-42.304	-6.991	-43.361
-6.633	-42.304	-7.313	-43.967
-6.633	-42.304	-7.432	-44.120
-6.633	-42.304	-6.848	-42.835
-6.633	-42.304	-7.350	-42.926
-6.633	-42.304	-6.842	-40.780
-6.633	-42.304	-5.716	-43.018
-6.633	-42.304	-7.395	-42.060
-6.633	-42.304	-6.652	-42.322
-4.872	-41.120	-1.568	-38.595
-1.568	-38.595	-2.615	-38.441
-1.568	-38.595	-2.123	-37.929
-1.568	-38.595	0.889	-37.777
-1.568	-38.595	-0.694	-36.460
-1.568	-38.595	-3.279	-39.818
-1.568	-38.595	-1.648	-38.623
-5.780	-38.617	-4.872	-41.120
-4.872	-41.120	-3.578	-39.887
-4.872	-41.120	-2.864	-41.000
-4.872	-41.120	-4.898	-41.188
-4.872	-41.120	-5.498	-40.536
-4.872	-41.120	-4.144	-42.552
-6.736	-37.395	-5.780	-38.617
-5.780	-38.617	-5.888	-38.637
-5.780	-38.617	-6.216	-38.667
-5.780	-38.617	-5.189	-38.645
-5.780	-38.617	-3.550	-39.492
-5.780	-38.617	-4.882	-40.654
-5.780	-38.617	-5.292	-39.809
-5.780	-38.617	-5.104	-40.061
-5.780	-38.617	-6.364	-39.573
-7.802	-37.870	-6.736	-37.395
-8.010	-37.148	-7.802	-37.870
-6.966	-35.735	-8.010	-37.148
-8.010	-37.148	-5.961	-36.181
-8.010	-37.148	-8.261	-38.645
-8.010	-37.148	-6.676	-37.626
-8.010	-37.148	-5.361	-37.687
-8.010	-37.148	-7.951	-37.242
-7.288	-34.619	-6.966	-35.735
-6.966	-35.735	-9.569	-35.587
-6.966	-35.735	-7.015	-35.760
-6.966	-35.735	-6.651	-35.993
-6.966	-35.735	-7.604	-35.540
-6.966	-35.735	-6.054	-36.150
-4.787	-32.464	-7.288	-34.619
-3.312	-30.844	-4.787	-32.464
-4.787	-32.464	-4.160	-33.854
-4.787	-32.464	-4.257	-32.536
-4.787	-32.464	-4.617	-32.768
-4.787	-32.464	-5.483	-31.704
-4.787	-32.464	-4.375	-32.875
-3.977	-29.074	-3.312	-30.844
-3.312	-30.844	-3.979	-29.489
-3.312	-30.844	-3.966	-29.171
-3.312	-30.844	-4.132	-29.164
-3.312	-30.844	-3.504	-29.346
-3.312	-30.844	-3.058	-29.255
-3.312	-30.844	-3.078	-29.263
-3.312	-30.844	-1.930	-29.046
-3.312	-30.844	-3.524	-30.434
-3.312	-30.844	-3.322	-30.971
-3.312	-30.844	-4.459	-30.013
-3.312	-30.844	-2.687	-31.070
-2.842	-28.696	-3.977	-29.074
-3.256	-27.302	-2.842	-28.696
-2.842	-28.696	-3.160	-27.740
-2.842	-28.696	-3.209	-27.598
-2.842	-28.696	-3.484	-28.819
-2.842	-28.696	-4.400	-29.444
-2.842	-28.696	-5.248	-30.116
-2.842	-28.696	-3.705	-30.184
-2.842	-28.696	-2.250	-28.616
-2.842	-28.696	-3.366	-27.837
-2.842	-28.696	-2.755	-27.337
-2.842	-28.696	-3.407	-28.415
-0.477	-25.427	-3.256	-27.302
-3.256	-27.302	-3.339	-27.216
-3.256	-27.302	-3.254	-27.380
-3.256	-27.302	-3.301	-26.349
-3.256	-27.302	-5.843	-26.863
-3.256	-27.302	-5.528	-26.561
-3.256	-27.302	-5.001	-25.793
-3.256	-27.302	-4.099	-25.874
-3.256	-27.302	-3.909	-27.604
-3.256	-27.302	-5.655	-26.911
-3.256	-27.302	-5.282	-26.960
-3.256	-27.302	-4.982	-26.944
-3.256	-27.302	-4.152	-26.322
-0.477	-25.427	2.042	-21.530
2.042	-21.530	4.309	-21.081
2.042	-21.530	4.313	-21.076
2.042	-21.530	1.335	-23.051
2.042	-21.530	0.582	-23.935
2.042	-21.530	-0.077	-24.624
2.042	-21.530	2.533	-22.079
2.042	-21.530	2.089	-21.611
2.042	-21.530	3.069	-22.833
-1.730	-23.822	-0.477	-25.427
-0.477	-25.427	-1.821	-23.891
-0.477	-25.427	-0.779	-24.847
-0.477	-25.427	-0.724	-25.138
-8.404	-39.862	-8.508	-39.570	
-8.404	-39.862	-8.810	-39.838	
-8.404	-39.862	-7.901	-39.936	
-8.404	-39.862	-6.880	-38.338	
-8.404	-39.862	-8.609	-39.292	
-8.404	-39.862	-8.557	-39.654	
-8.404	-39.862	-8.515	-38.268	
-8.404	-39.862	-9.378	-39.207	
POLYLINE BLACK
21.945	-60.117
POLYLINE BLACK
6.765	-17.177
6.685	-17.197
6.645	-17.237
POLYLINE BLACK
6.825	-16.917
6.785	-16.997
POLYLINE BLACK
7.205	-16.397
7.125	-16.417
7.085	-16.457
6.945	-16.517
6.945	-16.657
6.825	-16.777
POLYLINE BLACK
7.525	-16.217
7.365	-16.257
POLYLINE BLACK
7.745	-16.037
7.665	-16.057
POLYLINE BLACK
8.445	-15.637
8.265	-15.697
8.145	-15.777
8.125	-15.837
8.085	-15.837
7.945	-15.917
POLYLINE BLACK
8.605	-15.537
POLYLINE BLACK
9.085	-15.317
POLYLINE BLACK
9.185	-15.437
9.165	-15.397
POLYLINE BLACK
9.305	-15.617
9.265	-15.577
POLYLINE BLACK
9.205	-15.977
9.185	-15.937
POLYLINE BLACK
9.065	-16.317
9.065	-16.277
POLYLINE BLACK
8.925	-16.757
8.925	-16.657
8.945	-16.617
POLYLINE BLACK
8.745	-17.037
8.745	-16.997
POLYLINE BLACK
8.585	-17.317
8.585	-17.257
8.625	-17.217
POLYLINE BLACK
8.345	-17.637
POLYLINE BLACK
8.205	-17.937
POLYLINE BLACK
8.045	-18.117
POLYLINE BLACK
7.885	-18.437
7.885	-18.397
POLYLINE BLACK
7.805	-18.737
POLYLINE BLACK
7.605	-18.997
POLYLINE BLACK
7.245	-19.317
POLYLINE BLACK
7.785	-19.237
7.765	-19.337
7.785	-19.557
7.785	-19.657
7.745	-19.457
7.745	-19.417
7.725	-19.517
7.725	-19.557
POLYLINE BLACK
7.525	-19.657
7.565	-19.617
7.805	-19.557
8.105	-19.497
7.685	-19.497
7.445	-19.517
7.485	-19.497
7.645	-19.497
7.785	-19.477
7.865	-19.497
POLYLINE BLACK
7.705	-19.237
7.685	-19.337
7.665	-19.577
7.665	-19.657
7.665	-19.657
7.605	-19.477
7.605	-19.537
7.645	-19.657
7.645	-19.717
7.665	-19.757
7.665	-19.617
7.645	-19.397
7.645	-19.337
7.665	-19.437
7.665	-19.597
7.705	-19.837
7.705	-19.397
7.725	-19.317
7.725	-19.317
7.705	-19.537
7.705	-19.797
7.665	-19.637
7.645	-19.357
7.665	-19.257
7.745	-19.657
7.745	-19.797
7.745	-19.797
7.665	-19.337
7.665	-19.297
7.705	-19.377
7.785	-19.797
POLYLINE BLACK
7.345	-19.697
7.485	-19.637
7.845	-19.557
7.665	-19.497
7.525	-19.517
7.625	-19.517
7.745	-19.497
7.885	-19.517
7.885	-19.517
7.685	-19.537
7.545	-19.577
7.445	-19.577
7.345	-19.597
7.405	-19.617
7.505	-19.597
7.845	-19.557
7.925	-19.537
7.785	-19.537
7.465	-19.597
7.425	-19.597
7.465	-19.617
7.525	-19.597
7.745	-19.577
7.905	-19.537
7.625	-19.537
7.345	-19.577
7.265	-19.617
7.325	-19.617
7.425	-19.597
7.805	-19.517
7.925	-19.517
7.845	-19.497
7.545	-19.517
7.425	-19.537
7.465	-19.557
7.525	-19.537
7.565	-19.557
POLYLINE BLACK
7.465	-19.557
7.385	-19.577
7.205	-19.677
POLYLINE BLACK
7.505	-19.597
POLYLINE BLACK
7.045	-19.997
7.105	-19.937
7.165	-19.917
7.385	-19.657
POLYLINE BLACK
6.925	-20.197
6.925	-20.157
POLYLINE BLACK
6.785	-20.297
6.765	-20.257
POLYLINE BLACK
6.625	-20.397
POLYLINE BLACK
6.985	-19.697
7.105	-19.597
POLYLINE BLACK
6.925	-19.737
POLYLINE BLACK
6.625	-19.857
6.825	-19.797
6.865	-19.757
POLYLINE BLACK
6.785	-19.677
6.845	-19.677
POLYLINE BLACK
6.445	-19.917
POLYLINE BLACK
3.865	-18.897
3.825	-18.857
3.825	-18.817
3.785	-18.757
3.705	-18.777
3.585	-18.937
3.385	-19.317
3.365	-19.397
3.325	-19.517
POLYLINE BLACK
3.825	-18.937
POLYLINE BLACK
6.085	-18.397
5.865	-18.297
5.785	-18.277
5.745	-18.297
5.625	-18.257
5.565	-18.257
5.445	-18.217
5.305	-18.217
5.225	-18.197
5.085	-18.197
4.985	-18.217
4.745	-18.237
4.525	-18.297
4.465	-18.297
4.425	-18.277
4.165	-18.397
4.065	-18.417
3.805	-18.637
3.645	-18.837
3.625	-18.897
POLYLINE BLACK
5.645	-13.577
POLYLINE BLACK
5.865	-13.237
5.765	-13.297
5.745	-13.377
5.725	-13.457
POLYLINE BLACK
6.425	-12.457
6.245	-12.617
6.165	-12.757
6.165	-12.797
6.025	-12.937
POLYLINE BLACK
6.745	-12.237
6.685	-12.297
6.545	-12.397
POLYLINE BLACK
6.825	-12.417
POLYLINE BLACK
6.525	-12.897
6.525	-12.817
6.605	-12.717
POLYLINE BLACK
6.125	-13.417
6.125	-13.377
6.305	-13.197
6.365	-13.097
POLYLINE BLACK
5.905	-13.677
6.065	-13.457
6.205	-13.317
6.225	-13.277
POLYLINE BLACK
6.565	-13.077
POLYLINE BLACK
6.545	-13.297
POLYLINE BLACK
6.285	-13.597
6.305	-13.557
POLYLINE BLACK
5.905	-14.017
5.965	-13.917
6.045	-13.837
POLYLINE BLACK
6.005	-13.057
6.145	-12.957
POLYLINE BLACK
5.725	-13.437
5.825	-13.297
POLYLINE BLACK
5.305	-13.837
5.445	-13.697
5.525	-13.557
5.525	-13.497
POLYLINE BLACK
5.085	-14.437
4.905	-14.697
4.785	-14.957
4.785	-15.017
4.665	-15.357
4.645	-15.537
4.645	-15.657
4.605	-15.817
4.605	-15.917
4.585	-15.997
4.605	-16.217
4.605	-16.437
4.585	-16.517
4.585	-16.677
4.665	-16.897
4.765	-17.057
4.805	-17.217
4.805	-17.277
4.845	-17.417
4.945	-17.577
5.125	-17.717
5.205	-17.797
5.325	-17.857
5.365	-17.917
5.445	-17.937
5.565	-17.997
5.665	-18.017
5.825	-18.077
5.945	-18.097
6.145	-18.357
6.205	-18.497
POLYLINE BLACK
5.705	-13.817
5.545	-13.997
5.485	-14.097
5.225	-14.337
5.165	-14.397
5.105	-14.497
5.105	-14.537
POLYLINE BLACK
5.065	-14.137
5.185	-14.017
5.345	-13.817
POLYLINE BLACK
5.365	-14.437
5.325	-14.437
POLYLINE BLACK
5.485	-14.257
5.445	-14.257
5.405	-14.317
POLYLINE BLACK
5.625	-14.137
5.505	-14.197
POLYLINE BLACK
5.725	-13.997
5.605	-14.077
POLYLINE BLACK
5.905	-13.857
5.765	-13.897
POLYLINE BLACK
5.925	-13.737
POLYLINE BLACK
5.445	-13.817
POLYLINE BLACK
5.205	-13.997
POLYLINE BLACK
3.845	-15.777
4.065	-15.457
4.205	-15.257
4.345	-15.057
4.465	-14.937
4.545	-14.797
4.685	-14.597
4.985	-14.177
5.085	-14.057
POLYLINE BLACK
3.885	-15.697
3.925	-15.577
4.025	-15.437
4.025	-15.397
POLYLINE BLACK
3.165	-19.957
3.305	-19.817
3.325	-19.697
3.365	-19.657
3.365	-19.477
3.305	-19.277
3.065	-18.997
2.945	-18.917
2.705	-18.657
2.605	-18.497
2.585	-18.337
2.585	-18.197
2.625	-18.017
2.685	-17.937
2.685	-17.897
2.785	-17.777
2.865	-17.597
3.025	-17.397
3.105	-17.217
3.165	-17.117
3.285	-16.957
3.285	-16.917
3.345	-16.817
3.645	-16.297
3.805	-16.097
3.885	-15.897
3.885	-15.837
3.905	-15.757
3.905	-15.677
3.945	-15.557
POLYLINE BLACK
3.365	-19.537
POLYLINE BLACK
5.325	-21.877
5.705	-21.537
6.065	-21.157
6.165	-20.937
6.165	-20.877
6.265	-20.697
6.345	-20.517
6.365	-20.437
6.385	-20.357
6.405	-20.137
6.405	-19.797
6.425	-19.697
6.425	-19.637
6.445	-19.557
6.445	-19.417
6.325	-19.057
6.205	-18.797
6.205	-18.757
6.005	-18.477
6.005	-18.437
5.905	-18.297
POLYLINE BLACK
1.865	-21.417
1.965	-21.417
2.045	-21.357
2.085	-21.357
2.265	-21.237
2.565	-20.897
2.825	-20.657
2.845	-20.577
2.945	-20.397
3.105	-20.197
3.145	-20.097
3.465	-19.617
3.645	-19.437
POLYLINE BLACK
1.805	-21.397
1.845	-21.417
1.925	-21.337
1.965	-21.337
2.085	-21.237
POLYLINE BLACK
3.105	-22.997
3.105	-22.957
3.285	-22.777
3.425	-22.717
3.665	-22.597
3.745	-22.537
3.785	-22.537
3.905	-22.437
4.205	-22.357
4.305	-22.337
4.505	-22.277
4.585	-22.257
4.705	-22.217
4.965	-21.957
5.085	-21.957
5.125	-21.917
5.165	-21.937
5.325	-21.897
5.365	-21.897
5.425	-21.837
POLYLINE BLACK
-0.475	-25.537
-0.435	-25.537
-0.275	-25.377
-0.075	-25.277
-0.035	-25.277
0.265	-24.977
0.425	-24.877
0.765	-24.397
0.945	-24.277
1.065	-24.157
1.305	-24.077
1.385	-24.077
1.465	-24.017
1.565	-23.997
1.725	-23.957
1.765	-23.977
1.885	-23.937
1.985	-23.937
2.145	-23.877
2.345	-23.717
2.545	-23.537
2.745	-23.417
3.185	-22.957
POLYLINE BLACK
-0.475	-25.597
POLYLINE BLACK
-0.675	-22.897
-0.655	-22.857
-0.615	-22.877
-0.575	-22.837
-0.535	-22.837
-0.455	-22.757
-0.315	-22.757
-0.235	-22.737
0.005	-22.557
0.185	-22.337
0.385	-22.177
0.485	-22.157
0.685	-22.057
0.765	-22.057
0.845	-22.037
0.885	-22.037
0.925	-21.997
1.045	-21.997
1.385	-21.857
1.625	-21.677
1.685	-21.597
1.765	-21.577
1.965	-21.457
2.005	-21.457
POLYLINE BLACK
-1.035	-24.447
-1.095	-24.387
-1.165	-24.367
-1.255	-24.387
-1.345	-24.407
-1.475	-24.517
-1.505	-24.557
-1.555	-24.677
-1.555	-24.707
-1.565	-24.757
-1.565	-24.797
-1.535	-24.887
-1.465	-24.987
-1.425	-25.037
-1.275	-25.107
-1.235	-25.107
-1.215	-25.117
-1.145	-25.117
-1.095	-25.107
-1.065	-25.117
-0.905	-25.047
-0.785	-24.937
-0.775	-24.907
-0.725	-24.847
-0.695	-24.737
-0.695	-24.707
-0.745	-24.557
-0.845	-24.447
-1.025	-24.347
-1.135	-24.317
-1.185	-24.307
-1.255	-24.357
-1.285	-24.397
POLYLINE BLACK
-3.305	-26.307
-3.215	-26.337
-3.195	-26.357
-3.155	-26.347
-3.095	-26.347
-3.015	-26.287
-2.975	-26.197
-2.875	-26.127
-2.795	-26.047
-2.775	-25.997
-2.775	-25.967
-2.765	-25.927
-2.765	-25.797
-2.705	-25.737
-2.645	-25.697
-2.575	-25.587
-2.555	-25.487
-2.465	-25.217
-2.375	-25.047
-2.345	-24.987
-2.335	-24.897
-2.325	-24.857
-2.325	-24.727
-2.305	-24.667
-2.215	-24.557
-2.125	-24.397
-2.095	-24.327
-2.095	-24.297
-2.065	-24.237
-2.065	-24.207
-1.945	-24.007
-1.875	-23.967
-1.855	-23.967
-1.815	-23.937
POLYLINE BLACK
-5.045	-25.777
-5.045	-25.777
-5.005	-25.747
-4.885	-25.727
-4.855	-25.727
-4.835	-25.717
-4.765	-25.737
-4.715	-25.767
-4.645	-25.807
-4.525	-25.997
-4.495	-26.047
-4.365	-26.147
-4.325	-26.157
-4.275	-26.047
-4.275	-26.027
-4.215	-25.907
-4.135	-25.827
-4.075	-25.807
-3.975	-25.847
-3.785	-26.037
-3.675	-26.117
-3.555	-26.157
-3.455	-26.217
-3.255	-26.337
POLYLINE BLACK
-3.715	-27.617
-3.735	-27.597
-3.775	-27.587
-3.805	-27.597
-3.865	-27.577
-3.905	-27.567
-4.015	-27.517
-4.055	-27.487
-4.125	-27.457
-4.175	-27.427
-4.235	-27.407
-4.395	-27.317
-4.435	-27.307
-4.475	-27.287
-4.505	-27.287
-4.565	-27.257
-4.605	-27.257
-4.745	-27.217
-4.775	-27.217
-4.855	-27.187
-4.905	-27.177
-4.945	-27.157
-4.975	-27.157
-5.185	-27.067
-5.275	-27.057
-5.355	-27.027
-5.395	-27.017
-5.435	-27.007
-5.465	-27.007
-5.675	-26.937
-5.715	-26.907
-5.765	-26.877
-5.815	-26.817
-5.805	-26.777
-5.755	-26.727
-5.695	-26.697
-5.675	-26.697
-5.595	-26.627
-5.595	-26.597
-5.555	-26.477
-5.535	-26.437
-5.535	-26.407
-5.495	-26.347
-5.465	-26.307
-5.445	-26.257
-5.405	-26.197
-5.385	-26.117
-5.345	-26.017
-5.215	-25.927
-5.175	-25.927
-5.045	-25.857
POLYLINE BLACK
-3.545	-28.617
-3.525	-28.647
-3.505	-28.647
-3.415	-28.527
-3.405	-28.487
-3.385	-28.437
-3.365	-28.417
-3.355	-28.337
-3.345	-28.117
-3.355	-28.027
-3.365	-27.987
-3.365	-27.907
-3.355	-27.817
-3.375	-27.757
-3.465	-27.667
-3.505	-27.637
-3.545	-27.627
-3.625	-27.597
-3.665	-27.597
-3.715	-27.587
-3.735	-27.597
-3.765	-27.587
POLYLINE BLACK
-1.355	-26.107
-1.215	-25.977
-0.985	-25.827
-0.905	-25.757
-0.865	-25.747
-0.825	-25.737
-0.785	-25.727
-0.725	-25.707
-0.695	-25.707
-0.575	-25.667
-0.505	-25.607
-0.435	-25.567
-0.415	-25.567
-0.335	-25.507
-0.305	-25.457
-0.295	-25.477
POLYLINE BLACK
-2.675	-27.277
-2.675	-27.237
-2.655	-27.187
-2.575	-27.087
-2.525	-27.027
-2.515	-26.997
-2.455	-26.937
-2.385	-26.867
-2.285	-26.807
-2.145	-26.697
-2.055	-26.637
-2.005	-26.627
-1.945	-26.567
-1.915	-26.537
-1.895	-26.527
-1.885	-26.497
-1.795	-26.447
-1.715	-26.417
-1.625	-26.347
-1.525	-26.287
-1.425	-26.197
POLYLINE BLACK
-2.635	-27.327
-2.655	-27.337
-2.685	-27.297
-2.685	-27.257
-2.545	-27.157
-2.435	-27.087
POLYLINE BLACK
-2.799	-28.752
-2.759	-28.742
-2.749	-28.712
-2.659	-28.622
-2.639	-28.582
-2.599	-28.542
-2.519	-28.422
-2.469	-28.292
-2.469	-28.262
-2.449	-28.182
-2.449	-28.132
-2.439	-28.092
-2.439	-27.842
-2.449	-27.802
-2.449	-27.772
-2.479	-27.692
-2.479	-27.662
-2.549	-27.512
-2.649	-27.362
-2.739	-27.312
-2.679	-27.402
-2.669	-27.442
-2.659	-27.462
POLYLINE BLACK
-3.479	-29.162
-3.499	-29.152
-3.509	-29.122
-3.479	-29.092
-3.339	-29.002
-3.289	-28.992
-3.189	-28.942
-3.169	-28.952
-3.129	-28.942
-3.089	-28.952
-2.989	-28.922
-2.919	-28.852
-2.879	-28.842
-2.859	-28.822
-2.779	-28.802
-2.759	-28.782
POLYLINE BLACK
-4.169	-29.152
-4.059	-29.052
-3.829	-28.902
-3.809	-28.902
-3.679	-28.802
-3.629	-28.752
-3.549	-28.712
-3.499	-28.702
-3.459	-28.692
-3.419	-28.702
POLYLINE BLACK
-3.244	-29.242
-3.304	-29.257
-3.364	-29.227
-3.394	-29.227
-3.454	-29.197
-3.499	-29.197
-3.559	-29.167
-3.589	-29.167
-3.634	-29.107
POLYLINE BLACK
-3.124	-29.167
-3.304	-29.272
-3.364	-29.257
-3.424	-29.257
-3.529	-29.212
-3.559	-29.182
POLYLINE BLACK
-2.719	-31.102
-2.719	-31.042
-2.704	-30.982
-2.629	-30.862
-2.524	-30.667
-2.494	-30.577
-2.464	-30.547
-2.329	-30.247
-2.059	-29.872
-1.984	-29.782
-1.819	-29.557
-1.729	-29.407
-1.714	-29.332
-1.684	-29.272
-1.669	-29.137
-1.744	-29.017
-1.864	-28.942
-1.894	-28.927
-2.149	-28.927
-2.254	-28.972
-2.359	-28.972
-2.389	-29.002
-2.464	-29.002
-2.584	-29.077
-2.689	-29.107
-2.749	-29.167
-2.824	-29.167
-2.854	-29.197
-2.884	-29.197
-2.914	-29.212
-2.944	-29.197
-2.974	-29.227
-3.034	-29.227
-3.124	-29.257
-3.154	-29.242
-3.184	-29.257
-3.214	-29.242
-3.274	-29.272
-3.304	-29.272
POLYLINE BLACK
-4.429	-29.962
-4.429	-29.932
-4.369	-29.827
-4.369	-29.797
-4.324	-29.692
-4.324	-29.662
-4.309	-29.632
-4.309	-29.587
-4.294	-29.527
-4.264	-29.497
-4.264	-29.467
-4.219	-29.377
-4.204	-29.242
-4.174	-29.182
POLYLINE BLACK
-5.509	-31.672
-5.509	-31.642
-5.494	-31.612
-5.494	-31.567
-5.464	-31.537
-5.434	-31.462
-5.404	-31.432
-5.344	-31.312
-5.344	-31.282
-5.284	-31.147
-5.254	-31.117
-5.254	-31.087
-5.179	-30.937
-4.984	-30.772
-4.819	-30.667
-4.744	-30.607
-4.639	-30.472
-4.609	-30.397
-4.549	-30.307
-4.474	-30.127
-4.309	-29.932
-4.279	-29.932
POLYLINE BLACK
-4.354	-32.782
-4.339	-32.752
-4.039	-32.542
-3.994	-32.527
-3.934	-32.482
-3.919	-32.452
-3.844	-32.422
-3.634	-32.167
-3.589	-32.107
-3.469	-32.002
-3.469	-31.972
-3.364	-31.927
-3.259	-31.807
-3.214	-31.777
-3.034	-31.537
-2.989	-31.432
-2.989	-31.402
-2.839	-31.192
-2.809	-31.162
-2.794	-31.117
POLYLINE BLACK
-5.824	-32.182
-5.779	-32.122
-5.674	-32.047
-5.629	-31.957
-5.614	-31.882
-5.524	-31.732
-5.464	-31.672
POLYLINE BLACK
-5.794	-32.137
POLYLINE BLACK
-4.069	-33.847
-4.174	-33.847
POLYLINE BLACK
-4.024	-33.727
-4.024	-33.757
POLYLINE BLACK
-4.264	-33.007
-4.234	-33.007
-4.144	-33.187
-4.024	-33.367
-3.994	-33.427
-3.994	-33.472
-3.979	-33.502
POLYLINE BLACK
-4.114	-33.307
-4.159	-33.247
POLYLINE BLACK
-4.054	-33.487
POLYLINE BLACK
-3.904	-33.622
POLYLINE BLACK
-3.919	-33.847
POLYLINE BLACK
-4.294	-33.817
POLYLINE BLACK
-4.384	-33.607
POLYLINE BLACK
-4.519	-33.472
POLYLINE BLACK
-4.549	-33.262
POLYLINE BLACK
-4.609	-33.157
-4.594	-33.217
POLYLINE BLACK
-6.154	-35.707
-6.244	-35.632
-6.289	-35.542
-6.289	-35.497
-6.304	-35.437
-6.244	-35.317
-6.154	-35.242
-6.079	-35.107
-6.079	-35.077
-6.004	-34.927
-5.944	-34.837
-5.899	-34.732
-5.824	-34.642
-5.779	-34.627
-5.764	-34.582
-5.689	-34.462
-5.659	-34.402
-5.629	-34.237
-5.584	-34.132
-5.434	-33.937
-5.344	-33.862
-5.269	-33.727
-5.224	-33.667
-5.209	-33.622
-5.074	-33.427
-4.924	-33.292
-4.789	-33.202
-4.624	-33.067
-4.534	-32.992
-4.399	-32.827
-4.309	-32.752
POLYLINE BLACK
-7.684	-35.677
-7.639	-35.617
-7.639	-35.587
-7.609	-35.467
-7.609	-35.437
-7.564	-35.302
-7.564	-35.272
-7.534	-35.212
-7.534	-35.182
-7.504	-35.122
-7.504	-35.092
-7.474	-35.032
-7.474	-34.867
-7.459	-34.807
-7.459	-34.777
-7.429	-34.747
-7.414	-34.672
-7.399	-34.612
-7.399	-34.522
-7.354	-34.462
-7.309	-34.357
-7.309	-34.327
-7.279	-34.267
-7.279	-34.237
-7.174	-34.057
-7.144	-33.982
-7.114	-33.952
-7.114	-33.922
-7.039	-33.757
-7.009	-33.727
-6.979	-33.727
-6.949	-33.682
-6.889	-33.652
-6.829	-33.577
-6.799	-33.502
-6.754	-33.442
-6.724	-33.427
-6.679	-33.337
-6.574	-33.262
-6.559	-33.217
-6.484	-33.172
-6.484	-33.142
-6.424	-33.082
-6.394	-33.007
-6.274	-32.857
-6.214	-32.812
-6.184	-32.767
-6.154	-32.767
-6.034	-32.662
-5.989	-32.557
-5.929	-32.467
-5.884	-32.317
-5.794	-32.167
-5.764	-32.137
POLYLINE BLACK
-5.989	-36.082
-5.989	-36.112
-6.064	-36.022
-6.154	-35.827
-6.154	-35.737
-6.124	-35.662
POLYLINE BLACK
-5.899	-36.247
-5.974	-36.127
POLYLINE BLACK
-8.044	-36.817
-7.984	-36.787
-7.909	-36.667
-7.849	-36.502
-7.849	-36.472
-7.804	-36.337
-7.774	-36.202
-7.744	-36.142
-7.744	-36.082
-7.729	-36.052
-7.729	-36.007
-7.699	-35.947
-7.699	-35.917
-7.639	-35.752
-7.639	-35.722
POLYLINE BLACK
-5.359	-37.642
-5.359	-37.582
-5.329	-37.462
-5.329	-37.432
-5.344	-37.372
-5.389	-37.312
-5.419	-37.312
-5.449	-37.282
-5.494	-37.267
-5.569	-37.177
-5.629	-36.982
-5.674	-36.892
-5.734	-36.877
-5.914	-36.727
-5.974	-36.592
-5.974	-36.352
-5.959	-36.322
-5.959	-36.277
-5.944	-36.247
POLYLINE BLACK
-8.509	-40.012
-8.419	-39.982
POLYLINE BLACK
-8.314	-39.997
-8.284	-39.982
-8.194	-40.042
-8.149	-40.042
-8.089	-40.072
-8.029	-40.072
-7.969	-40.087
-7.879	-40.087
-7.759	-39.997
-7.714	-39.937
-7.714	-39.877
-7.729	-39.847
-7.729	-39.802
-7.864	-39.652
-8.014	-39.607
-8.044	-39.577
-8.074	-39.577
-8.134	-39.562
-8.194	-39.607
-8.224	-39.712
-8.224	-39.772
-8.209	-39.832
-8.224	-39.907
-8.194	-39.997
-8.239	-39.937
-8.269	-39.832
-8.269	-39.697
-8.239	-39.637
-8.239	-39.607
-8.179	-39.562
-8.149	-39.562
-8.119	-39.547
-8.044	-39.562
-7.984	-39.547
-7.954	-39.562
-7.909	-39.547
-7.849	-39.592
-7.834	-39.622
-7.774	-39.667
-7.699	-39.832
-7.699	-39.862
-7.714	-39.892
-7.864	-40.012
-8.014	-40.057
-8.149	-40.057
-8.239	-39.997
-8.269	-39.967
-8.269	-39.907
POLYLINE BLACK
-8.764	-39.472
-8.764	-39.502
-8.794	-39.517
-8.824	-39.502
-8.764	-39.472
-8.734	-39.472
-8.614	-39.442
-8.584	-39.442
-8.464	-39.502
-8.389	-39.592
-8.389	-39.622
-8.419	-39.742
-8.419	-39.847
-8.389	-39.907
-8.389	-39.997
-8.419	-40.057
-8.449	-40.057
-8.509	-40.102
-8.569	-40.102
-8.629	-40.132
-8.689	-40.117
-8.749	-40.117
-8.779	-40.102
-8.809	-40.057
-8.839	-40.057
-8.959	-39.982
-8.974	-39.952
-9.004	-39.952
-9.034	-39.847
-8.974	-39.712
-8.809	-39.577
-8.749	-39.532
POLYLINE CONNECT
-8.404	-39.862
-5.780	-38.617
POLYLINE BLACK
-5.779	-38.557
POLYLINE BLACK
-4.939	-38.677
-4.969	-38.677
-5.029	-38.632
-5.059	-38.632
-5.089	-38.602
-5.119	-38.602
-5.269	-38.347
-5.269	-38.317
-5.314	-38.257
-5.314	-38.227
-5.404	-38.152
-5.404	-38.122
-5.419	-38.062
-5.419	-38.032
-5.374	-37.942
-5.359	-37.807
-5.359	-37.627
-5.344	-37.552
POLYLINE BLACK
-6.259	-38.767
-6.229	-38.707
-6.229	-38.647
-6.244	-38.617
-6.304	-38.572
-6.364	-38.572
-6.394	-38.557
-6.439	-38.557
-6.499	-38.542
-6.529	-38.542
-6.709	-38.482
-6.739	-38.482
-6.859	-38.407
-6.949	-38.407
-7.009	-38.392
-7.039	-38.392
-7.099	-38.407
-7.159	-38.407
-7.189	-38.377
-7.204	-38.407
-7.264	-38.377
-7.324	-38.377
-7.429	-38.422
-7.459	-38.407
-7.579	-38.467
-7.639	-38.467
-7.774	-38.527
-7.864	-38.527
-7.894	-38.512
-8.029	-38.557
-8.059	-38.557
-8.119	-38.572
-8.194	-38.572
-8.224	-38.587
-8.254	-38.572
-8.314	-38.602
-8.344	-38.602
-8.404	-38.557
-8.494	-38.392
-8.494	-38.347
-8.479	-38.287
-8.464	-38.212
-8.389	-38.047
-8.344	-37.987
-8.314	-37.912
-8.254	-37.822
-8.239	-37.672
-8.239	-37.432
-8.179	-37.207
-8.164	-37.177
-8.164	-37.132
-8.104	-36.997
-8.074	-36.982
-8.059	-36.922
-7.999	-36.832
POLYLINE BLACK
-8.104	-38.662
-8.044	-38.677
-8.014	-38.677
POLYLINE BLACK
-3.439	-39.402
-3.484	-39.462
-3.589	-39.537
-3.739	-39.537
-3.949	-39.582
-4.009	-39.582
-4.174	-39.717
-4.204	-39.777
-4.204	-39.807
-4.069	-39.837
-4.024	-39.837
-3.889	-39.777
-3.859	-39.777
-3.799	-39.747
-3.739	-39.747
-3.604	-39.717
-3.544	-39.687
-3.514	-39.687
-3.484	-39.717
-3.499	-39.747
-3.544	-39.777
-3.574	-39.777
-3.679	-39.837
-3.709	-39.837
-3.784	-39.882
-3.814	-39.882
-3.964	-39.837
-4.024	-39.807
-4.054	-39.807
-4.084	-39.777
-4.084	-39.747
-4.024	-39.657
-3.769	-39.462
-3.649	-39.372
-3.604	-39.372
-3.544	-39.342
POLYLINE BLACK
-6.514	-39.612
-6.499	-39.642
-6.469	-39.627
-6.379	-39.462
-6.379	-39.402
-6.439	-39.282
-6.439	-39.237
-6.364	-39.117
-6.304	-38.997
-6.304	-38.937
-6.274	-38.802
-6.274	-38.742
POLYLINE BLACK
-3.439	-39.447
-3.469	-39.447
-3.514	-39.387
-3.514	-39.297
-3.544	-39.237
-3.544	-39.102
-3.514	-39.042
-3.529	-38.967
-3.589	-38.907
-3.634	-38.892
-3.814	-38.772
-3.844	-38.772
-3.934	-38.727
-3.994	-38.742
-4.024	-38.742
-4.084	-38.727
-4.159	-38.742
-4.219	-38.727
-4.279	-38.742
-4.474	-38.742
-4.504	-38.757
-4.564	-38.742
-4.624	-38.742
-4.684	-38.727
-4.879	-38.727
-4.939	-38.712
-4.969	-38.712
-4.999	-38.727
-5.059	-38.712
-5.119	-38.712
POLYLINE BLACK
-3.454	-39.642
-3.484	-39.672
-3.529	-39.687
-3.679	-39.792
-3.709	-39.792
-3.739	-39.822
-3.889	-39.822
-3.934	-39.837
POLYLINE BLACK
-6.499	-39.762
-6.589	-39.882
-6.604	-39.912
POLYLINE BLACK
-6.349	-39.942
-6.379	-39.942
-6.439	-39.972
POLYLINE BLACK
-6.409	-39.672
-6.589	-39.867
POLYLINE BLACK
-6.184	-39.837
-6.244	-39.882
-6.274	-39.882
-6.334	-39.912
-6.364	-39.912
-6.424	-39.957
-6.454	-39.957
POLYLINE BLACK
-5.944	-39.837
-6.064	-39.777
-6.169	-39.822
-6.199	-39.822
-6.244	-39.882
-6.304	-39.927
-6.334	-39.927
-6.424	-39.972
-6.484	-39.972
-6.529	-39.882
-6.529	-39.852
-6.439	-39.702
-6.394	-39.567
-6.394	-39.537
POLYLINE BLACK
-5.599	-40.167
-5.659	-40.077
-5.689	-40.002
-5.869	-39.837
-5.959	-39.792
-5.989	-39.792
-6.049	-39.777
POLYLINE BLACK
-5.584	-40.602
-5.569	-40.542
-5.554	-40.407
-5.539	-40.377
-5.539	-40.332
-5.554	-40.272
-5.554	-40.242
-5.674	-40.032
POLYLINE BLACK
1.546	-36.507
POLYLINE BLACK
-5.714	-40.667
-5.714	-40.627
-5.654	-40.547
-5.654	-40.507
-5.614	-40.467
-5.614	-40.387
POLYLINE BLACK
-5.684	-40.527
-5.644	-40.607
-5.604	-40.487
-5.604	-40.387
-5.544	-40.467
-5.564	-40.427
POLYLINE BLACK
-3.444	-39.547
-3.504	-39.607
-3.504	-39.647
-3.544	-39.667
-3.604	-39.587
-3.604	-39.547
POLYLINE BLACK
-3.404	-39.487
POLYLINE BLACK
-3.364	-39.527
POLYLINE BLACK
-1.064	-38.227
-1.104	-38.247
POLYLINE BLACK
-1.264	-38.547
POLYLINE BLACK
-1.144	-38.307
-1.224	-38.447
POLYLINE BLACK
-1.044	-38.087
-1.064	-38.167
POLYLINE BLACK
-1.244	-38.367
-1.244	-38.327
POLYLINE BLACK
-1.384	-38.627
-1.384	-38.587
POLYLINE BLACK
0.316	-38.067
POLYLINE BLACK
0.696	-37.887
0.656	-37.907
POLYLINE BLACK
0.876	-37.807
POLYLINE BLACK
0.936	-37.487
0.936	-37.547
POLYLINE BLACK
0.496	-37.607
POLYLINE BLACK
0.836	-37.467
POLYLINE BLACK
0.996	-37.507
0.956	-37.527
POLYLINE BLACK
-0.944	-38.647
-0.784	-38.667
-0.664	-38.627
-0.584	-38.627
-0.504	-38.567
-0.464	-38.587
-0.324	-38.547
-0.304	-38.487
-0.224	-38.507
0.016	-38.347
0.116	-38.287
0.156	-38.287
0.396	-38.127
0.436	-38.127
0.536	-38.027
0.636	-38.007
0.716	-38.007
0.776	-37.947
0.996	-37.887
1.096	-37.707
1.176	-37.507
1.176	-37.447
1.016	-37.487
POLYLINE BLACK
-1.204	-38.787
-1.164	-38.747
POLYLINE BLACK
0.696	-37.527
0.776	-37.487
POLYLINE BLACK
0.116	-37.747
0.176	-37.687
0.256	-37.667
0.376	-37.587
0.456	-37.587
0.496	-37.567
0.576	-37.587
POLYLINE BLACK
-0.284	-37.827
-0.284	-37.787
-0.204	-37.827
-0.144	-37.767
-0.064	-37.767
POLYLINE BLACK
-0.504	-37.927
-0.464	-37.927
POLYLINE BLACK
-0.804	-38.027
-0.724	-38.027
-0.684	-37.987
-0.644	-38.007
POLYLINE BLACK
-1.904	-37.787
-2.004	-37.807
-2.244	-38.047
-2.464	-38.247
-2.644	-38.607
-2.744	-38.707
-2.904	-38.987
-3.044	-39.127
-3.124	-39.247
-3.224	-39.347
-3.364	-39.527
-3.424	-39.587
-3.504	-39.627
POLYLINE BLACK
-0.844	-36.447
-0.904	-36.507
-1.104	-36.767
-1.104	-36.807
-1.164	-36.887
-1.164	-36.927
-1.304	-37.127
-1.344	-37.167
-1.344	-37.227
-1.524	-37.407
-1.784	-37.567
-2.044	-37.907
POLYLINE BLACK
-1.084	-38.247
-0.824	-37.827
-0.804	-37.747
-0.744	-37.587
-0.684	-37.287
-0.584	-36.887
-0.584	-36.827
-0.544	-36.667
-0.564	-36.487
-0.564	-36.407
-0.584	-36.327
-0.624	-36.287
-0.704	-36.307
-0.824	-36.387
-0.924	-36.607
-0.924	-36.647
POLYLINE BLACK
-1.424	-38.847
-1.364	-38.767
-1.364	-38.727
POLYLINE BLACK
-2.944	-41.147
-2.884	-40.967
-2.784	-40.847
-2.764	-40.767
-2.644	-40.507
-2.544	-40.387
-2.444	-40.267
-2.444	-40.227
-2.244	-40.027
-2.244	-39.987
-2.044	-39.707
-1.924	-39.627
-1.784	-39.427
-1.724	-39.327
-1.584	-39.127
-1.484	-39.027
-1.464	-38.987
POLYLINE BLACK
-1.024	-37.887
-0.984	-37.987
POLYLINE BLACK
-4.244	-42.447
-4.164	-42.427
-3.984	-42.367
-3.824	-42.227
-3.544	-41.987
-3.464	-41.867
-3.324	-41.727
-3.244	-41.547
-3.084	-41.307
-2.944	-41.147
POLYLINE BLACK
-3.344	-39.647
-3.384	-39.667
-3.464	-39.607
-3.464	-39.567
-3.504	-39.527
POLYLINE BLACK
-5.604	-40.587
-5.584	-40.507
-5.564	-40.427
-5.544	-40.507
POLYLINE BLACK
-3.504	-39.807
-3.524	-39.767
-3.404	-39.607
POLYLINE BLACK
-6.464	-41.267
-6.204	-41.087
-6.124	-41.067
-5.964	-40.907
-5.884	-40.887
-5.804	-40.807
-5.764	-40.807
-5.564	-40.647
-5.524	-40.647
-5.504	-40.607
POLYLINE BLACK
-6.464	-41.247
POLYLINE BLACK
-6.604	-41.347
POLYLINE BLACK
-5.704	-43.047
-5.404	-42.907
-5.304	-42.887
-5.184	-42.847
-5.144	-42.847
-4.944	-42.727
-4.724	-42.647
-4.484	-42.527
-4.404	-42.527
-4.364	-42.507
-4.324	-42.527
-4.244	-42.487
POLYLINE BLACK
-5.794	-43.152
-5.774	-43.072
-5.694	-42.992
POLYLINE BLACK
-6.474	-41.092
POLYLINE BLACK
-6.594	-41.012
-6.574	-41.052
POLYLINE BLACK
-6.634	-40.932
POLYLINE BLACK
-6.614	-40.752
-6.614	-40.792
POLYLINE BLACK
-6.654	-40.612
POLYLINE BLACK
-6.714	-40.452
POLYLINE BLACK
-6.894	-40.512
-6.874	-40.472
POLYLINE BLACK
-6.994	-40.572
-6.974	-40.532
POLYLINE BLACK
-6.974	-40.692
POLYLINE BLACK
-7.014	-40.752
POLYLINE BLACK
-7.034	-40.932
-7.014	-40.892
POLYLINE BLACK
-6.994	-41.032
-7.014	-40.992
POLYLINE BLACK
-6.954	-41.252
POLYLINE BLACK
-7.354	-42.112
-7.334	-41.992
-7.074	-41.572
-7.034	-41.572
-6.994	-41.492
POLYLINE BLACK
-7.954	-43.272
-7.814	-43.112
-7.614	-42.772
-7.594	-42.672
-7.574	-42.592
-7.534	-42.412
-7.414	-42.132
-7.414	-42.092
POLYLINE BLACK
-6.354	-44.552
-6.374	-44.512
-6.314	-44.252
-6.114	-43.752
-6.054	-43.472
-6.014	-43.372
-5.874	-43.232
-5.814	-43.132
-5.814	-43.092
POLYLINE BLACK
-7.074	-45.672
-6.794	-45.392
-6.734	-45.332
-6.474	-44.912
-6.394	-44.692
-6.294	-44.532
POLYLINE BLACK
-9.614	-46.752
-9.374	-46.512
-9.314	-46.412
-9.174	-46.232
-9.134	-46.132
-9.074	-46.032
-9.014	-45.912
-8.994	-45.732
-8.894	-45.372
-8.774	-45.052
-8.734	-45.012
-8.714	-44.932
-8.674	-44.812
-8.674	-44.752
-8.654	-44.672
-8.654	-44.592
-8.634	-44.492
-8.614	-44.412
-8.574	-44.332
-8.574	-44.272
-8.534	-44.172
-8.474	-44.072
-8.434	-43.972
-8.054	-43.412
-7.954	-43.292
POLYLINE BLACK
-8.234	-47.172
-8.094	-46.912
-7.674	-46.292
-7.394	-46.012
-7.154	-45.752
POLYLINE BLACK
-10.194	-54.132
-10.234	-54.092
-10.234	-53.812
-10.274	-53.632
-10.274	-53.512
-10.334	-53.292
-10.354	-53.212
-10.474	-53.052
-10.534	-52.752
-10.614	-52.592
-10.634	-52.412
-10.634	-52.272
-10.614	-52.192
-10.554	-51.932
-10.514	-51.852
-10.514	-51.792
-10.374	-51.532
-10.354	-51.452
-10.234	-51.292
-10.154	-51.212
-9.934	-50.872
-9.914	-50.792
-9.854	-50.712
-9.854	-50.652
-9.634	-50.232
-9.614	-50.132
-9.474	-49.852
-9.434	-49.752
-9.394	-49.712
-9.374	-49.632
-9.174	-49.232
-9.114	-49.132
-9.034	-48.952
-9.014	-48.872
-8.894	-48.632
-8.874	-48.552
-8.674	-48.112
-8.674	-48.052
-8.554	-47.852
-8.554	-47.792
-8.494	-47.712
-8.474	-47.632
-8.414	-47.512
-8.394	-47.432
-8.354	-47.352
-8.354	-47.292
-8.294	-47.172
-8.294	-47.132
POLYLINE BLACK
-9.994	-47.432
-9.934	-47.292
-9.794	-47.132
-9.754	-47.032
-9.594	-46.832
-9.454	-46.732
POLYLINE BLACK
-11.114	-48.872
-10.734	-48.352
-10.614	-48.192
-10.514	-48.092
-10.354	-47.792
-10.214	-47.612
POLYLINE BLACK
-11.814	-50.232
-11.754	-50.092
-11.694	-50.012
-11.634	-49.872
-11.474	-49.612
-11.274	-49.192
-11.154	-49.032
POLYLINE BLACK
-11.854	-51.332
-11.874	-51.252
-11.894	-51.172
-11.894	-50.932
-11.874	-50.792
-11.854	-50.572
-11.854	-50.332
-11.834	-50.232
-11.814	-50.152
POLYLINE BLACK
-11.694	-52.692
-11.694	-52.532
-11.714	-52.432
-11.734	-52.352
-11.774	-52.232
-11.774	-52.152
-11.794	-52.052
-11.794	-51.932
-11.834	-51.752
-11.834	-51.652
-11.854	-51.572
-11.854	-51.452
POLYLINE BLACK
-11.714	-53.292
-11.674	-53.172
-11.674	-53.032
-11.654	-52.952
-11.654	-52.872
-11.634	-52.732
-11.634	-52.672
POLYLINE BLACK
-11.794	-53.602
-11.774	-53.522
-11.674	-53.362
-11.654	-53.282
POLYLINE BLACK
-10.514	-55.082
-10.574	-54.982
-10.554	-54.902
-10.434	-54.702
-10.434	-54.662
-10.374	-54.602
-10.314	-54.502
-10.274	-54.222
-10.234	-54.142
POLYLINE BLACK
-12.754	-55.322
-12.534	-55.102
-12.414	-54.862
-12.374	-54.702
-12.314	-54.522
-12.114	-54.202
-11.994	-54.002
-11.994	-53.962
-11.934	-53.862
-11.874	-53.802
-11.774	-53.562
-11.754	-53.482
-11.714	-53.402
POLYLINE BLACK
-18.424	-62.562
-18.504	-62.502
-18.584	-62.502
-18.664	-62.482
-18.744	-62.522
-18.844	-62.502
-18.964	-62.582
-19.024	-62.662
-19.024	-62.842
-18.924	-62.962
-18.884	-62.962
-18.844	-63.002
-18.764	-62.982
-18.664	-63.002
-18.584	-62.982
-18.464	-62.982
-18.364	-62.942
-18.184	-62.822
-18.124	-62.722
-18.124	-62.602
-18.204	-62.482
-18.484	-62.442
-18.524	-62.482
POLYLINE BLACK
-18.844	-62.842
-18.784	-62.822
-18.724	-62.842
-18.764	-62.822
-18.884	-62.862
-18.844	-62.882
-18.744	-62.862
-18.664	-62.862
-18.704	-62.822
-18.804	-62.842
-18.884	-62.822
-18.824	-62.862
-18.724	-62.862
-18.624	-62.842
-18.604	-62.842
-18.784	-62.862
-18.924	-62.842
-18.824	-62.822
-18.624	-62.822
-18.544	-62.842
-18.624	-62.822
-18.724	-62.842
-18.784	-62.842
-18.824	-62.862
-18.864	-62.842
-18.824	-62.882
-18.724	-62.862
-18.604	-62.882
-18.644	-62.862
-18.744	-62.862
-18.864	-62.882
-18.964	-62.882
-19.004	-62.842
-18.944	-62.882
-18.824	-62.842
-18.604	-62.842
-18.564	-62.822
-18.564	-62.822
-18.724	-62.822
-18.844	-62.782
-18.544	-62.842
-18.504	-62.822
-18.684	-62.822
-18.724	-62.802
-18.804	-62.802
-18.864	-62.782
-18.904	-62.802
-18.804	-62.802
POLYLINE BLACK
-12.004	-58.022
-11.964	-58.022
-11.824	-57.902
-11.644	-57.722
-11.504	-57.482
-11.484	-57.402
-11.404	-57.222
-11.384	-57.142
-11.344	-57.022
-11.324	-56.942
-11.244	-56.762
-11.184	-56.702
-11.044	-56.502
-11.004	-56.482
-10.984	-56.402
-10.944	-56.362
-10.924	-56.282
-10.844	-56.102
-10.824	-56.002
-10.704	-55.642
-10.644	-55.382
-10.644	-55.042
-10.664	-55.002
POLYLINE BLACK
-13.324	-56.702
-13.144	-56.502
-13.044	-56.342
-13.044	-56.262
-12.984	-56.042
-12.884	-55.702
-12.844	-55.582
-12.824	-55.502
-12.764	-55.342
-12.724	-55.302
POLYLINE BLACK
-12.064	-58.042
-11.924	-57.962
-11.884	-57.962
-11.804	-57.902
-11.764	-57.922
-11.744	-57.882
-11.684	-57.882
-11.624	-57.802
POLYLINE BLACK
-16.724	-59.962
-16.684	-59.962
-16.484	-59.762
-16.284	-59.642
-15.884	-59.282
-15.664	-59.042
-15.564	-59.002
-15.404	-58.842
-15.364	-58.842
-15.104	-58.582
-14.984	-58.402
-14.944	-58.402
-14.824	-58.322
-14.684	-58.182
-14.644	-58.162
-14.564	-58.182
-14.484	-58.162
-14.384	-58.102
-14.344	-58.002
-14.264	-57.882
-14.184	-57.802
-14.124	-57.662
-14.044	-57.542
-14.024	-57.462
-13.964	-57.382
-13.904	-57.202
-13.844	-57.142
-13.744	-57.102
-13.624	-57.022
-13.584	-57.022
-13.524	-56.922
-13.484	-56.922
-13.264	-56.682
POLYLINE BLACK
-13.024	-59.142
-12.924	-59.022
-12.784	-58.722
-12.684	-58.602
-12.624	-58.502
-12.424	-58.342
-12.044	-57.962
-12.024	-57.882
-12.004	-57.842
-11.964	-57.842
POLYLINE BLACK
-15.724	-60.842
-15.564	-60.722
-15.504	-60.622
-15.224	-60.382
-15.164	-60.322
-14.944	-60.102
-14.784	-59.942
-14.404	-59.702
-14.344	-59.602
-14.344	-59.562
-14.284	-59.462
-14.044	-59.102
-13.964	-59.102
-13.844	-59.162
-13.624	-59.202
-13.584	-59.242
-13.544	-59.222
-13.464	-59.242
-13.384	-59.222
-13.304	-59.242
-13.224	-59.242
-13.084	-59.142
-13.024	-59.062
POLYLINE BLACK
-15.824	-60.962
-15.844	-60.922
-15.684	-60.662
-15.524	-60.422
POLYLINE BLACK
-16.844	-60.162
-16.804	-60.182
-16.644	-59.942
-16.584	-59.882
-16.464	-59.722
-16.424	-59.702
POLYLINE BLACK
-16.764	-62.762
-16.804	-62.722
-16.804	-62.522
-16.684	-62.242
-16.604	-62.062
-16.564	-62.042
-16.524	-61.942
-16.324	-61.662
-16.284	-61.622
-16.284	-61.562
-16.024	-61.322
-16.024	-61.282
-15.964	-61.202
-15.964	-61.162
-15.824	-60.942
-15.704	-60.862
POLYLINE BLACK
-17.024	-64.042
-16.924	-63.882
-16.924	-63.502
-16.884	-63.382
-16.844	-63.342
-16.804	-63.122
-16.824	-63.022
-16.844	-62.942
-16.844	-62.862
-16.864	-62.782
-16.844	-62.702
-16.804	-62.622
POLYLINE BLACK
-18.244	-61.042
-18.164	-61.062
-17.864	-61.002
-17.564	-60.822
-17.484	-60.742
-17.464	-60.682
-17.364	-60.622
-17.304	-60.562
-16.984	-60.302
-16.904	-60.242
-16.824	-60.242
-16.664	-60.142
POLYLINE BLACK
-18.854	-61.912
-18.884	-61.972
-18.824	-62.002
-18.734	-61.912
-18.674	-61.762
-18.524	-61.582
-18.494	-61.462
-18.434	-61.282
-18.224	-61.072
-18.164	-61.072
POLYLINE BLACK
-19.964	-67.222
-19.634	-66.712
-19.604	-66.592
-19.484	-66.322
-19.394	-65.902
-19.364	-65.782
-19.364	-65.662
-19.184	-65.062
-19.184	-64.552
-19.154	-64.432
-19.184	-64.372
-19.154	-64.312
-19.214	-64.042
-19.304	-63.892
-19.454	-63.742
-19.484	-63.622
-19.544	-63.412
-19.604	-63.112
-19.604	-62.632
-19.424	-62.332
-19.244	-62.212
-19.124	-62.182
-19.004	-62.092
-18.944	-62.092
-18.854	-62.002
-18.764	-61.942
POLYLINE BLACK
-17.264	-64.432
-17.264	-64.372
-17.084	-64.132
-16.904	-64.012
-16.904	-63.952
-16.754	-63.802
-16.514	-63.442
POLYLINE BLACK
-18.164	-70.222
-18.224	-70.192
POLYLINE BLACK
-17.774	-69.892
-17.924	-69.952
-17.984	-70.012
POLYLINE BLACK
-17.384	-69.682
-17.504	-69.712
POLYLINE BLACK
-16.874	-69.292
-16.994	-69.412
-17.114	-69.412
-17.174	-69.472
POLYLINE BLACK
-16.574	-69.082
-16.634	-69.112
-16.694	-69.082
-16.754	-69.142
-16.754	-69.202
POLYLINE BLACK
-15.704	-68.422
-15.764	-68.422
-15.884	-68.602
-15.914	-68.692
-16.154	-68.812
-16.304	-68.842
-16.424	-69.022
POLYLINE BLACK
-15.254	-68.122
-15.314	-68.122
-15.434	-68.302
POLYLINE BLACK
-14.864	-67.912
-14.924	-67.972
POLYLINE BLACK
-13.964	-67.222
POLYLINE BLACK
-13.724	-66.832
POLYLINE BLACK
-13.544	-66.502
POLYLINE BLACK
-13.814	-66.112
-13.754	-66.172
POLYLINE BLACK
-14.204	-66.262
POLYLINE BLACK
-15.464	-66.832
-15.134	-66.592
-14.894	-66.352
-14.714	-66.322
POLYLINE BLACK
-16.304	-67.222
-16.244	-67.222
-16.094	-67.132
-15.914	-66.982
POLYLINE BLACK
-16.574	-67.402
POLYLINE BLACK
-16.964	-67.642
-16.904	-67.642
POLYLINE BLACK
-17.324	-67.912
POLYLINE BLACK
-17.774	-68.152
-17.714	-68.092
POLYLINE BLACK
-18.164	-68.272
-18.164	-68.182
-18.014	-67.732
-18.014	-67.642
-17.984	-67.522
-17.984	-67.372
-17.954	-67.252
-17.894	-67.192
-17.894	-67.102
-17.624	-66.592
-17.564	-66.322
-17.534	-66.082
-17.534	-65.992
-17.504	-65.872
-17.504	-65.782
-17.474	-65.662
-17.414	-65.212
-17.384	-65.092
-17.354	-64.942
-17.324	-64.822
-17.294	-64.582
-17.234	-64.312
-17.204	-64.162
-17.144	-64.102
POLYLINE BLACK
-18.854	-70.822
-18.764	-70.702
-18.734	-70.582
-18.704	-70.432
-18.734	-70.372
-18.554	-70.072
-18.554	-69.952
-18.524	-69.832
-18.554	-69.712
-18.554	-69.592
-18.434	-69.322
-18.434	-69.202
-18.374	-69.022
-18.374	-68.752
-18.284	-68.572
POLYLINE BLACK
-19.424	-70.342
-19.574	-70.582
-19.604	-70.672
-19.514	-70.852
-19.454	-70.882
-19.214	-70.792
-19.094	-70.672
-19.094	-70.582
-19.064	-70.522
-19.094	-70.402
-19.094	-70.342
-19.244	-70.192
-19.364	-70.162
-19.604	-70.342
-19.664	-70.522
-19.544	-70.702
-19.424	-70.822
-19.274	-70.612
-19.124	-70.252
POLYLINE BLACK
-19.154	-70.852
POLYLINE BLACK
-20.864	-69.682
-20.624	-69.352
-20.564	-69.082
-20.504	-68.812
-20.294	-68.392
-20.264	-68.272
-20.204	-68.212
-20.174	-67.942
-20.024	-67.522
-19.994	-67.372
-19.904	-67.192
-19.904	-67.072
-19.844	-66.952

ELEVATION
STATIONS
90.838	15.085	1.53
90.838	15.085	5.0
84.692	16.476	5.1
80.122	15.652	5.2
86.838	16.365	5.3
77.372	11.898	5.4
75.117	10.935	5.5
71.283	10.205	5.6
67.994	9.606	5.7
64.201	10.576	5.8
61.631	10.440	5.9
58.515	11.865	5.10
56.393	12.081	5.11
60.551	14.598	5.12
53.731	10.756	5.13
52.179	12.332	5.14
51.012	14.506	5.15
50.260	14.482	5.16
48.503	15.161	5.17
47.342	16.658	5.18
44.040	16.418	5.19
41.849	16.021	5.20
39.958	16.707	5.21
38.761	17.793	5.22
37.307	17.699	5.23
33.954	17.720	5.24
38.594	18.393	5.25
41.370	17.392	5.26
102.677	23.959	5.1
108.317	19.699	5.5
110.177	13.414	5.6
SHOTS
38.594	18.393	41.370	17.392
41.370	17.392	43.726	15.817
41.370	17.392	42.567	16.667
41.370	17.392	43.213	15.244
41.370	17.392	45.283	12.632
41.370	17.392	42.482	11.783
41.370	17.392	44.034	11.465
41.370	17.392	45.677	12.087
41.370	17.392	42.134	12.280
41.370	17.392	39.278	20.955
41.370	17.392	40.633	21.153
41.370	17.392	40.581	17.705
41.370	17.392	42.236	17.276
41.370	17.392	42.767	17.320
41.370	17.392	41.686	17.469
41.370	17.392	40.219	17.657
84.692	16.476	86.838	16.365
86.838	16.365	87.285	10.655
90.838	15.085	90.838	15.085
84.692	16.476	90.838	15.085
90.838	15.085	86.323	12.428
90.838	15.085	89.694	13.304
90.838	15.085	90.322	14.977
90.838	15.085	91.218	17.830
80.122	15.652	84.692	16.476
84.692	16.476	83.149	16.315
84.692	16.476	81.697	16.460
84.692	16.476	84.994	16.515
84.692	16.476	84.739	16.486
84.692	16.476	83.219	18.392
84.692	16.476	87.446	18.611
84.692	16.476	84.476	20.727
77.372	11.898	80.122	15.652
80.122	15.652	78.851	15.571
80.122	15.652	79.699	15.575
80.122	15.652	80.502	17.862
80.122	15.652	81.668	15.345
80.122	15.652	79.906	12.537
80.122	15.652	78.631	10.698
75.117	10.935	77.372	11.898
77.372	11.898	76.934	11.977
77.372	11.898	76.620	5.339
77.372	11.898	77.093	11.884
77.372	11.898	74.588	8.070
77.372	11.898	74.432	12.893
77.372	11.898	76.798	14.836
71.283	10.205	75.117	10.935
75.117	10.935	73.344	10.923
75.117	10.935	73.464	8.994
75.117	10.935	73.609	10.709
75.117	10.935	73.317	10.465
75.117	10.935	72.396	10.508
75.117	10.935	75.087	7.817
75.117	10.935	75.221	13.539
75.117	10.935	74.956	10.924
75.117	10.935	75.452	10.922
67.994	9.606	71.283	10.205
71.283	10.205	71.287	9.924
71.283	10.205	71.959	10.764
71.283	10.205	70.081	10.891
71.283	10.205	71.000	10.942
71.283	10.205	71.692	10.147
64.201	10.576	67.994	9.606
67.994	9.606	67.923	9.647
67.994	9.606	68.015	10.206
67.994	9.606	68.001	9.527
61.631	10.440	64.201	10.576
64.201	10.576	63.706	11.162
64.201	10.576	63.508	10.483
64.201	10.576	64.345	10.465
58.515	11.865	61.631	10.440
61.631	10.440	60.569	10.715
61.631	10.440	59.661	10.585
61.631	10.440	61.613	11.107
61.631	10.440	60.781	10.546
56.393	12.081	58.515	11.865
58.515	11.865	57.854	13.066
58.515	11.865	59.399	12.024
58.515	11.865	60.003	11.266
58.515	11.865	60.187	10.325
58.515	11.865	58.988	11.130
58.515	11.865	59.456	11.911
58.515	11.865	57.844	13.139
58.515	11.865	58.148	12.066
58.515	11.865	59.013	11.868
58.515	11.865	58.540	12.401
56.393	12.081	60.551	14.598
60.551	14.598	59.810	14.564
60.551	14.598	60.511	14.640
60.551	14.598	63.002	16.923
60.551	14.598	62.538	16.064
60.551	14.598	58.448	13.935
60.551	14.598	60.470	15.378
53.731	10.756	56.393	12.081
56.393	12.081	55.679	12.058
56.393	12.081	56.970	12.977
56.393	12.081	56.448	12.873
56.393	12.081	55.629	12.014
56.393	12.081	57.987	12.813
52.179	12.332	53.731	10.756
53.731	10.756	53.680	11.048
53.731	10.756	53.501	10.780
53.731	10.756	54.117	10.682
53.731	10.756	55.794	12.280
53.731	10.756	55.888	11.326
53.731	10.756	54.970	10.964
53.731	10.756	55.284	12.350
53.731	10.756	54.123	11.411
51.012	14.506	52.179	12.332
50.260	14.482	51.012	14.506
48.503	15.161	50.260	14.482
50.260	14.482	48.263	14.730
50.260	14.482	51.612	14.517
50.260	14.482	49.849	14.226
50.260	14.482	49.117	10.871
50.260	14.482	50.300	15.716
47.342	16.658	48.503	15.161
48.503	15.161	47.643	20.362
48.503	15.161	48.513	16.183
48.503	15.161	48.837	14.156
48.503	15.161	48.139	15.182
48.503	15.161	49.153	15.112
44.040	16.418	47.342	16.658
41.849	16.021	44.040	16.418
44.040	16.418	44.645	18.946
44.040	16.418	43.736	14.727
44.040	16.418	44.150	17.673
44.040	16.418	43.947	16.453
44.040	16.418	44.066	16.418
39.958	16.707	41.849	16.021
41.849	16.021	40.345	16.842
41.849	16.021	40.053	16.427
41.849	16.021	39.988	16.617
41.849	16.021	40.380	16.404
41.849	16.021	40.452	16.312
41.849	16.021	40.452	16.288
41.849	16.021	40.655	16.578
41.849	16.021	41.390	14.294
41.849	16.021	41.963	18.088
41.849	16.021	40.665	16.146
41.849	16.021	42.281	16.036
38.761	17.793	39.958	16.707
37.307	17.699	38.761	17.793
38.761	17.793	37.754	17.913
38.761	17.793	37.603	17.352
38.761	17.793	38.694	16.650
38.761	17.793	39.030	18.270
38.761	17.793	39.431	19.019
38.761	17.793	39.939	19.761
38.761	17.793	38.853	19.593
38.761	17.793	37.788	17.634
38.761	17.793	37.483	17.880
38.761	17.793	38.329	17.860
33.954	17.720	37.307	17.699
37.307	17.699	37.327	18.547
37.307	17.699	37.349	17.327
37.307	17.699	36.811	18.427
37.307	17.699	39.206	20.198
37.307	17.699	38.777	20.439
37.307	17.699	37.910	20.645
37.307	17.699	37.208	19.275
37.307	17.699	38.016	17.876
37.307	17.699	39.078	19.837
37.307	17.699	38.796	18.622
37.307	17.699	38.538	17.729
37.307	17.699	37.502	18.187
33.954	17.720	38.594	18.393
38.594	18.393	40.200	18.630
38.594	18.393	40.206	18.670
38.594	18.393	36.932	20.401
38.594	18.393	35.782	19.581
38.594	18.393	34.845	18.825
38.594	18.393	38.398	16.873
38.594	18.393	38.551	20.924
38.594	18.393	38.056	18.303
31.918	17.536	33.954	17.720
33.954	17.720	31.916	17.760
33.954	17.720	33.310	16.595
33.954	17.720	33.574	18.761
102.677	23.959	101.338	23.798	
102.677	23.959	101.813	23.943	
102.677	23.959	103.586	23.998	
102.677	23.959	101.741	23.969	
102.677	23.959	102.225	25.875	
102.677	23.959	102.338	26.094	
102.677	23.959	101.471	28.210	
108.317	19.699	108.417	19.687	
108.317	19.699	108.759	17.758	
108.317	19.699	109.478	19.473	
108.317	19.699	107.428	19.229	
108.317	19.699	109.065	19.272	
108.317	19.699	108.407	16.581	
108.317	19.699	108.930	22.303	
108.317	19.699	107.689	19.688	
108.317	19.699	109.692	19.686	
110.177	13.414	110.236	13.133	
110.177	13.414	109.964	13.973	
110.177	13.414	110.255	14.100	
110.177	13.414	109.663	14.151	
110.177	13.414	111.361	13.356	
POLYLINE BLACK
155.924	20.199
155.674	19.949
POLYLINE BLACK
157.474	20.899
156.774	20.699
POLYLINE BLACK
158.324	20.949
POLYLINE BLACK
155.774	19.949
156.024	20.199
156.524	20.499
156.724	20.699
157.374	20.799
157.474	20.799
POLYLINE BLACK
156.974	20.299
156.874	20.299
156.724	20.199
156.424	20.149
POLYLINE BLACK
158.424	21.299
157.974	21.099
157.424	20.749
POLYLINE BLACK
157.924	21.099
158.024	21.099
POLYLINE BLACK
156.774	20.749
156.974	20.849
POLYLINE BLACK
155.424	20.099
POLYLINE BLACK
155.924	20.949
155.474	20.649
155.274	20.599
155.174	20.549
POLYLINE BLACK
156.374	21.199
POLYLINE BLACK
157.274	21.549
POLYLINE BLACK
158.074	21.649
POLYLINE BLACK
158.574	21.499
POLYLINE BLACK
158.074	21.199
POLYLINE BLACK
157.474	21.049
POLYLINE BLACK
157.024	20.999
157.124	20.949
POLYLINE BLACK
156.624	20.849
POLYLINE BLACK
156.274	20.549
POLYLINE BLACK
155.874	20.049
155.974	20.299
156.074	20.349
POLYLINE BLACK
155.574	20.649
155.674	20.599
156.124	20.999
156.674	21.349
157.174	21.349
157.624	21.499
157.874	21.499
158.074	21.549
158.174	21.549
POLYLINE BLACK
154.284	19.099
154.324	19.139
154.284	19.499
154.264	19.539
154.264	19.719
154.244	19.759
154.244	20.179
154.264	20.259
154.264	20.339
154.284	20.439
154.324	20.659
154.384	20.959
154.404	20.999
154.444	20.999
154.484	21.039
154.684	20.959
154.924	20.719
155.144	20.359
155.184	20.179
155.224	20.079
155.284	19.999
155.324	19.899
155.424	19.779
155.464	19.779
155.624	19.639
155.644	19.559
155.684	19.459
155.744	19.399
155.984	18.999
156.104	18.879
156.164	18.779
156.284	18.599
156.324	18.499
156.324	18.439
156.524	17.959
156.704	17.299
156.784	17.059
156.824	16.919
156.924	16.779
156.944	16.699
157.104	16.219
157.184	16.039
157.264	15.959
POLYLINE BLACK
156.824	16.839
156.764	16.859
156.624	17.179
156.624	17.219
POLYLINE BLACK
160.524	12.319
160.424	12.419
160.344	12.559
160.124	12.719
159.964	12.899
159.864	13.039
159.584	13.299
159.484	13.399
159.404	13.519
158.704	14.219
158.564	14.399
158.344	14.679
158.204	14.899
157.684	15.399
157.464	15.559
157.204	15.759
156.924	16.119
156.804	16.239
156.684	16.479
156.624	16.679
156.624	16.719
POLYLINE BLACK
160.204	11.879
POLYLINE BLACK
157.764	11.799
157.724	11.859
157.704	11.999
157.764	12.179
157.884	12.279
158.084	12.279
158.264	12.239
158.364	12.239
158.484	12.199
158.664	12.179
158.784	12.119
158.864	12.099
158.904	12.059
158.984	12.039
159.144	11.939
159.264	11.939
159.444	11.859
159.484	11.879
159.744	11.739
159.824	11.699
POLYLINE BLACK
157.264	11.559
157.244	11.659
157.224	11.839
157.224	12.079
157.284	12.259
157.364	12.279
157.404	12.259
157.484	11.959
157.604	11.619
POLYLINE BLACK
156.604	11.419
156.564	11.599
156.564	11.739
156.584	11.859
156.584	11.939
156.624	12.119
156.684	12.259
156.764	12.239
156.844	12.079
156.844	11.999
156.904	11.819
156.904	11.759
156.964	11.579
156.964	11.419
POLYLINE BLACK
156.004	12.319
156.084	12.239
156.104	12.159
156.144	11.999
156.144	11.939
156.164	11.859
156.164	11.799
156.184	11.719
156.184	11.579
POLYLINE BLACK
156.104	12.139
POLYLINE BLACK
153.424	15.499
153.464	15.459
153.564	15.439
153.784	15.139
153.884	14.859
153.924	14.659
154.144	14.199
154.144	14.139
154.204	13.999
154.384	13.739
154.564	13.379
154.624	13.279
154.804	12.979
155.004	12.779
155.144	12.639
155.304	12.519
155.384	12.499
155.504	12.459
155.584	12.439
155.664	12.419
155.784	12.319
155.984	12.199
156.064	12.199
156.144	12.179
156.184	12.199
POLYLINE BLACK
154.004	21.199
154.044	21.199
POLYLINE BLACK
153.384	21.059
153.484	21.039
153.524	21.039
POLYLINE BLACK
153.104	20.719
153.124	20.759
POLYLINE BLACK
154.224	18.939
154.344	18.819
POLYLINE BLACK
152.164	17.059
152.204	17.079
152.544	16.919
152.624	16.919
152.704	16.899
152.924	16.859
152.964	16.839
152.964	16.739
152.984	16.659
152.984	16.579
153.064	16.459
153.184	16.339
153.204	16.259
153.324	16.119
153.384	15.899
153.404	15.819
153.444	15.699
153.444	15.639
153.464	15.559
153.504	15.359
POLYLINE BLACK
148.184	16.699
148.204	16.659
148.324	16.719
148.444	16.719
148.544	16.739
148.704	16.779
148.744	16.759
148.844	16.799
148.944	16.699
149.044	16.439
149.124	16.399
149.184	16.399
149.224	16.419
149.304	16.399
149.484	16.419
149.604	16.379
149.704	16.399
149.864	16.359
149.944	16.359
150.284	16.499
150.324	16.539
150.364	16.519
150.644	16.619
150.684	16.659
150.724	16.639
150.824	16.659
151.024	16.699
151.204	16.759
151.544	16.859
151.604	16.899
151.684	16.919
151.804	16.959
151.904	16.959
152.084	17.019
152.164	16.999
152.244	16.999
POLYLINE BLACK
147.844	16.699
147.924	16.699
148.064	16.679
148.204	16.679
148.484	16.759
148.564	16.759
148.744	16.799
148.784	16.799
POLYLINE BLACK
153.084	20.739
153.184	20.559
153.204	20.479
153.384	20.219
153.424	20.119
153.564	19.959
153.624	19.859
153.864	19.579
153.984	19.339
153.984	19.279
154.044	19.099
154.064	19.019
154.144	18.899
154.324	18.799
POLYLINE BLACK
152.504	21.039
152.524	20.999
152.564	21.019
152.764	20.919
152.844	20.839
153.004	20.559
153.044	20.519
POLYLINE BLACK
147.744	18.799
147.884	18.839
148.024	18.779
148.064	18.799
148.144	18.779
148.324	18.799
148.404	18.819
148.524	18.899
148.844	18.999
148.904	19.059
149.024	19.099
149.064	19.099
149.164	19.219
149.224	19.319
149.624	19.559
149.864	19.759
149.904	19.759
149.984	19.839
150.024	19.839
150.244	19.979
150.364	20.099
150.504	20.219
150.604	20.239
150.824	20.419
150.864	20.419
150.924	20.479
150.964	20.479
151.004	20.519
151.084	20.539
151.224	20.579
151.324	20.659
151.644	20.759
151.744	20.779
152.004	20.879
152.064	20.879
152.164	20.899
152.204	20.899
152.264	20.939
152.424	20.959
152.544	20.959
POLYLINE BLACK
147.659	16.674
147.689	16.689
147.749	16.674
147.779	16.674
147.809	16.689
147.914	16.689
147.944	16.674
POLYLINE BLACK
145.439	19.299
145.379	19.224
145.379	19.194
145.319	19.089
145.259	18.939
145.259	18.909
145.244	18.849
145.334	18.609
145.484	18.504
145.619	18.474
145.784	18.549
145.994	18.549
146.069	18.519
146.129	18.534
146.189	18.534
146.279	18.579
146.339	18.684
146.369	18.699
146.414	18.804
146.414	18.834
146.459	18.894
146.489	18.894
146.519	18.909
146.549	18.894
146.609	18.909
146.714	18.879
146.729	18.849
146.759	18.834
146.804	18.834
146.924	18.759
146.999	18.759
147.269	18.864
147.344	18.864
147.599	18.759
147.674	18.759
147.704	18.744
147.764	18.759
POLYLINE BLACK
144.254	17.424
144.284	17.439
144.359	17.439
144.539	17.394
144.569	17.394
144.629	17.289
144.629	17.259
144.704	17.139
144.764	17.109
144.824	17.109
144.944	17.079
144.974	17.094
145.079	17.049
145.154	16.959
145.154	16.914
145.214	16.869
145.289	16.869
145.394	16.914
145.484	16.974
145.574	16.974
145.634	16.959
145.769	16.929
145.829	16.914
145.844	16.854
145.889	16.794
145.889	16.764
145.934	16.659
145.994	16.644
146.189	16.719
146.219	16.719
146.249	16.704
146.309	16.734
146.354	16.734
146.414	16.719
146.474	16.734
146.744	16.734
146.774	16.749
146.849	16.749
146.879	16.764
146.939	16.764
147.044	16.794
147.104	16.779
147.134	16.779
147.239	16.734
147.434	16.704
147.464	16.689
147.509	16.689
147.614	16.644
147.644	16.644
POLYLINE BLACK
143.534	18.594
143.564	18.459
143.639	18.369
143.669	18.369
143.759	18.324
143.834	18.339
143.894	18.309
143.954	18.354
143.984	18.354
144.014	18.369
144.014	18.414
144.029	18.474
144.029	18.504
144.044	18.564
144.029	18.699
144.014	18.729
144.014	18.774
143.999	18.834
143.999	19.194
144.014	19.269
144.014	19.599
144.029	19.674
144.029	19.734
144.014	19.764
144.014	19.914
144.029	19.944
144.029	19.989
144.059	20.079
144.209	20.199
144.299	20.274
144.329	20.349
144.434	20.499
144.494	20.544
144.524	20.544
144.614	20.589
144.659	20.589
144.794	20.664
144.824	20.664
144.884	20.709
144.989	20.709
145.094	20.679
145.199	20.559
145.244	20.454
145.244	20.424
145.259	20.394
145.259	20.349
145.274	20.289
145.274	20.184
145.289	20.124
145.289	20.019
145.304	19.959
145.319	19.824
145.349	19.719
145.349	19.689
145.379	19.569
145.379	19.464
145.349	19.374
145.349	19.329
145.319	19.209
145.319	19.104
145.334	19.044
145.334	19.014
145.349	18.984
POLYLINE BLACK
143.459	17.544
143.534	17.529
143.564	17.544
143.594	17.529
143.624	17.544
143.684	17.529
143.744	17.529
143.804	17.499
143.864	17.499
143.924	17.469
143.999	17.484
144.059	17.469
144.119	17.469
144.179	17.439
144.209	17.439
144.269	17.409
144.299	17.409
144.329	17.394
POLYLINE BLACK
143.602	18.574
143.542	18.394
143.542	18.254
POLYLINE BLACK
143.182	17.234
143.182	17.274
143.282	17.414
143.482	17.554
143.562	17.574
POLYLINE BLACK
143.622	18.674
143.582	18.474
143.582	18.294
143.602	18.254
POLYLINE BLACK
143.022	17.114
143.022	17.154
143.082	17.254
143.202	17.454
143.342	17.594
POLYLINE BLACK
143.402	19.654
143.462	19.594
143.502	19.514
143.502	19.454
143.542	19.374
143.542	19.274
143.562	19.174
143.542	18.954
143.542	18.414
143.562	18.374
POLYLINE BLACK
142.142	16.674
142.222	16.694
142.402	16.734
142.482	16.754
142.522	16.794
142.602	16.814
142.722	16.914
142.762	16.914
142.942	17.154
143.042	17.234
POLYLINE BLACK
140.602	16.514
140.642	16.474
140.682	16.474
140.722	16.434
140.942	16.414
141.022	16.414
141.342	16.494
141.422	16.494
141.602	16.554
141.682	16.554
141.762	16.574
141.842	16.594
141.922	16.574
142.002	16.594
142.122	16.594
142.202	16.614
POLYLINE BLACK
140.302	17.234
140.342	17.194
140.502	17.214
140.582	17.234
140.722	17.294
141.022	17.594
141.202	17.874
141.222	17.954
141.262	18.074
141.282	18.154
141.262	18.234
141.002	18.494
140.662	18.694
140.502	18.734
140.362	18.814
140.282	18.814
140.042	18.974
POLYLINE BLACK
141.902	19.954
141.682	19.834
141.642	19.834
141.602	19.794
141.522	19.774
141.082	19.594
141.042	19.554
140.962	19.534
140.862	19.494
140.822	19.454
140.642	19.414
140.562	19.354
140.462	19.354
140.222	19.254
140.122	19.154
140.062	18.974
POLYLINE BLACK
143.702	19.614
143.662	19.634
143.582	19.614
143.322	19.614
143.282	19.634
143.102	19.634
142.982	19.694
142.882	19.694
142.802	19.734
142.742	19.734
142.422	19.814
142.322	19.814
142.242	19.834
142.142	19.834
142.062	19.854
141.762	19.854
141.722	19.874
POLYLINE BLACK
139.902	14.494
139.922	14.454
140.002	14.434
140.082	14.454
140.182	14.474
140.302	14.554
140.602	14.934
140.722	15.194
140.742	15.374
140.762	15.454
140.762	15.814
140.682	16.154
140.662	16.314
140.642	16.494
140.622	16.574
POLYLINE BLACK
139.822	18.114
139.962	17.974
140.082	17.614
140.262	17.094
140.282	17.054
POLYLINE BLACK
139.782	14.494
139.862	14.474
139.982	14.374
POLYLINE BLACK
139.702	14.494
139.782	14.474
139.862	14.434
139.882	14.394
POLYLINE BLACK
137.802	18.054
138.102	18.114
138.222	18.114
138.322	18.134
138.582	18.134
138.702	18.154
138.802	18.154
139.002	18.194
139.102	18.194
139.162	18.214
139.262	18.194
139.322	18.194
139.502	18.094
139.702	18.034
139.862	18.034
POLYLINE BLACK
137.942	15.054
138.162	14.954
138.222	14.954
138.402	14.874
138.482	14.854
138.562	14.794
138.642	14.774
138.742	14.714
138.822	14.714
139.062	14.654
139.122	14.654
139.342	14.594
139.602	14.534
139.722	14.474
139.802	14.454
139.842	14.434
POLYLINE BLACK
137.782	15.014
137.822	15.014
138.022	14.874
POLYLINE BLACK
137.342	17.854
137.382	17.894
137.462	17.894
137.682	17.954
137.822	17.954
POLYLINE BLACK
137.582	18.214
POLYLINE BLACK
137.442	18.534
137.462	18.434
137.482	18.394
POLYLINE BLACK
137.462	18.734
137.422	18.634
POLYLINE BLACK
137.462	19.014
POLYLINE BLACK
137.382	19.134
POLYLINE BLACK
137.282	19.354
137.302	19.314
POLYLINE BLACK
137.182	19.374
POLYLINE BLACK
137.062	19.174
137.062	19.214
POLYLINE BLACK
136.962	18.834
136.962	18.894
136.982	18.934
POLYLINE BLACK
137.042	18.354
POLYLINE BLACK
136.902	18.514
POLYLINE BLACK
137.102	17.934
137.082	18.014
137.082	18.074
137.102	18.154
POLYLINE BLACK
133.162	16.314
133.382	16.534
133.602	16.874
133.722	17.074
133.962	17.354
134.422	17.694
134.682	17.694
134.762	17.714
134.842	17.714
134.922	17.734
135.002	17.734
135.102	17.714
135.142	17.734
135.222	17.714
135.262	17.754
135.342	17.734
135.422	17.754
135.482	17.754
135.562	17.774
135.642	17.754
135.742	17.774
135.862	17.774
135.982	17.734
136.142	17.694
136.222	17.674
136.342	17.674
136.542	17.734
136.582	17.734
136.622	17.774
136.782	17.754
136.842	17.754
136.882	17.714
136.962	17.714
137.002	17.694
137.082	17.714
137.162	17.714
137.342	17.794
137.382	17.794
POLYLINE BLACK
133.862	14.794
133.862	14.754
134.042	15.054
134.082	15.094
134.122	15.074
134.442	15.294
134.482	15.294
134.522	15.334
134.562	15.334
134.642	15.414
134.722	15.434
134.802	15.454
134.882	15.454
134.962	15.474
135.002	15.454
135.082	15.474
135.202	15.474
135.242	15.514
135.322	15.514
135.402	15.494
135.482	15.494
135.622	15.454
135.702	15.474
135.862	15.474
135.922	15.454
136.002	15.474
136.082	15.454
136.262	15.434
136.502	15.354
136.542	15.314
136.582	15.314
136.622	15.274
136.682	15.274
136.762	15.234
136.862	15.234
136.942	15.214
137.002	15.214
137.222	15.134
137.302	15.134
137.722	14.954
137.762	14.934
POLYLINE BLACK
131.802	20.874
131.742	20.834
131.662	20.814
131.622	20.794
POLYLINE BLACK
132.522	20.694
132.342	20.754
132.302	20.794
132.262	20.794
POLYLINE BLACK
133.142	20.014
133.102	20.014
133.042	20.114
133.042	20.194
132.962	20.434
132.922	20.474
132.862	20.474
132.782	20.494
132.742	20.534
POLYLINE BLACK
132.422	20.514
132.482	20.454
132.622	20.434
132.662	20.454
132.802	20.394
132.922	20.214
POLYLINE BLACK
131.842	20.634
131.862	20.594
POLYLINE BLACK
131.382	20.774
POLYLINE BLACK
132.422	15.974
132.402	15.914
132.462	15.754
POLYLINE BLACK
132.402	16.314
132.342	16.254
132.362	16.214
POLYLINE BLACK
132.382	16.434
132.362	16.394
POLYLINE BLACK
132.342	16.754
132.322	16.714
POLYLINE BLACK
132.222	17.234
132.202	17.154
132.222	17.094
POLYLINE BLACK
132.082	17.554
132.062	17.514
132.082	17.454
132.122	17.434
POLYLINE BLACK
132.022	17.914
132.002	17.874
POLYLINE BLACK
131.982	18.234
131.962	18.194
POLYLINE BLACK
131.822	18.694
131.802	18.614
131.882	18.434
POLYLINE BLACK
131.122	20.754
131.082	20.614
131.142	20.414
131.182	20.394
131.162	20.314
131.242	20.114
131.342	19.994
131.362	19.854
131.362	19.734
131.482	19.414
131.522	19.294
131.542	19.094
131.622	18.954
POLYLINE BLACK
132.962	20.294
POLYLINE BLACK
133.062	19.994
132.982	20.034
POLYLINE BLACK
133.242	19.534
133.202	19.574
133.162	19.574
133.102	19.674
133.102	19.714
POLYLINE BLACK
133.322	19.174
133.242	19.234
POLYLINE BLACK
133.522	18.554
133.422	18.614
133.382	18.694
POLYLINE BLACK
133.762	17.994
133.642	18.034
133.622	18.134
POLYLINE BLACK
133.882	17.474
133.842	17.514
POLYLINE BLACK
133.902	17.094
POLYLINE BLACK
133.822	17.054
POLYLINE BLACK
133.802	16.894
133.822	16.934
POLYLINE BLACK
133.762	16.774
POLYLINE BLACK
133.482	14.054
133.482	14.134
133.542	14.374
133.762	14.734
133.802	14.734
133.922	14.854
POLYLINE BLACK
133.622	14.274
133.582	14.314
133.582	14.394
133.642	14.554
133.802	14.714
133.842	14.694
133.922	14.834
133.862	14.814
133.562	14.394
133.562	14.354
133.502	14.254
133.482	14.174
133.422	14.034
POLYLINE BLACK
132.042	15.694
132.122	15.694
132.202	15.674
132.322	15.754
132.362	15.754
132.422	15.834
132.462	15.834
132.482	15.874
132.522	15.874
132.662	15.994
132.742	16.054
132.822	16.074
132.902	16.154
133.022	16.154
133.102	16.214
133.182	16.234
POLYLINE BLACK
133.582	14.264
133.582	14.344
133.602	14.404
133.782	14.564
133.842	14.664
133.922	14.744
133.962	14.744
POLYLINE BLACK
131.002	15.364
131.042	15.344
131.202	15.484
131.462	15.664
131.542	15.664
131.582	15.704
131.862	15.664
132.122	15.584
POLYLINE BLACK
130.522	14.744
130.282	14.564
130.102	14.364
130.102	14.304
130.062	14.184
129.782	13.824
129.782	13.784
129.722	13.684
129.702	13.504
129.662	13.324
129.302	12.944
129.282	12.864
129.242	12.804
129.222	12.624
129.202	12.544
129.042	12.364
128.642	11.944
128.342	11.524
128.282	11.464
128.142	11.304
POLYLINE BLACK
128.082	10.664
128.162	10.684
128.322	10.704
128.402	10.724
128.542	10.684
128.582	10.704
128.722	10.684
128.942	10.684
129.002	10.704
129.082	10.684
129.202	10.724
129.282	10.704
129.482	10.744
129.522	10.724
129.602	10.744
129.742	10.744
129.822	10.724
129.922	10.724
130.002	10.704
130.342	10.704
130.562	10.744
130.642	10.744
130.822	10.824
130.862	10.804
130.942	10.864
POLYLINE BLACK
128.062	10.744
128.082	10.644
POLYLINE BLACK
131.082	10.884
131.242	10.964
131.342	10.984
131.422	11.004
131.522	11.104
131.562	11.104
131.942	11.464
132.122	11.604
132.362	11.844
132.522	12.184
132.582	12.264
132.802	12.804
132.822	12.884
132.962	13.344
133.062	13.464
133.162	13.644
133.262	13.764
133.442	14.124
133.522	14.324
133.622	14.444
POLYLINE BLACK
130.222	14.624
130.302	14.624
130.582	14.824
131.042	15.324
131.122	15.444
131.362	15.604
131.402	15.624
POLYLINE BLACK
127.522	12.229
127.447	12.244
127.417	12.259
127.387	12.244
127.327	12.274
POLYLINE BLACK
125.437	11.539
125.452	11.569
125.392	11.614
125.362	11.614
125.332	11.644
125.287	11.659
125.197	11.719
125.167	11.719
125.137	11.749
125.107	11.749
POLYLINE BLACK
127.717	10.699
127.822	10.699
127.882	10.684
127.912	10.714
POLYLINE BLACK
127.372	12.199
127.432	12.229
127.462	12.229
127.522	12.214
127.552	12.214
127.657	12.184
127.687	12.109
127.717	12.079
127.747	12.079
127.837	11.884
127.837	11.854
127.852	11.794
127.852	11.749
127.867	11.689
127.867	11.659
127.912	11.569
127.912	11.539
127.957	11.449
127.957	11.269
128.047	11.119
POLYLINE BLACK
126.817	12.379
POLYLINE BLACK
126.487	12.379
126.517	12.364
POLYLINE BLACK
127.672	10.699
127.612	10.684
127.477	10.699
127.387	10.699
127.312	10.714
127.282	10.714
127.177	10.759
127.117	10.759
127.012	10.804
126.982	10.804
126.922	10.849
126.892	10.834
126.787	10.879
126.757	10.909
126.727	10.909
126.607	10.954
126.562	10.984
126.532	10.984
126.442	11.014
126.397	11.014
126.367	11.029
126.337	11.014
126.172	11.089
126.142	11.089
126.052	11.134
126.022	11.134
125.962	11.194
125.902	11.194
125.842	11.239
125.812	11.239
125.647	11.344
125.527	11.449
125.512	11.494
125.422	11.554
125.407	11.584
POLYLINE BLACK
133.827	17.719
133.767	17.819
133.687	17.799
133.587	17.639
133.587	17.519
133.607	17.419
133.667	17.399
133.707	17.419
133.747	17.399
133.847	17.459
133.967	17.639
133.967	17.799
133.927	17.899
133.867	17.939
133.767	17.919
133.667	17.859
133.527	17.759
POLYLINE BLACK
133.367	17.739
133.307	17.799
133.167	17.779
133.067	17.779
133.027	17.739
133.027	17.699
133.207	17.559
133.327	17.459
133.327	17.419
133.227	17.339
133.147	17.319
133.107	17.339
POLYLINE BLACK
132.587	17.779
132.527	17.699
132.487	17.599
132.487	17.439
132.547	17.379
132.627	17.399
132.767	17.539
132.867	17.759
132.867	17.799
POLYLINE BLACK
132.067	17.699
132.107	17.619
132.087	17.499
132.087	17.199
POLYLINE BLACK
131.307	17.599
131.327	17.559
131.307	17.439
131.307	17.379
131.287	17.299
131.287	17.299
131.327	17.439
131.367	17.479
131.587	17.459
131.667	17.459
131.727	17.519
131.787	17.699
131.787	17.339
131.807	17.299
POLYLINE BLACK
131.067	17.699
130.887	17.659
130.727	17.559
130.627	17.419
130.627	17.339
130.707	17.259
130.847	17.219
130.927	17.239
131.067	17.239
POLYLINE BLACK
133.087	18.219
133.047	18.259
133.007	18.259
132.947	18.159
132.947	18.059
133.007	17.979
133.087	17.979
133.207	18.119
133.227	18.239
133.187	18.279
POLYLINE BLACK
132.307	18.339
132.307	18.079
132.347	17.959
132.387	17.959
132.547	18.259
132.587	18.359
POLYLINE BLACK
131.167	18.319
131.207	18.279
131.207	18.179
131.187	18.099
131.187	18.059
131.167	18.159
131.207	18.359
131.327	18.479
131.427	18.479
131.527	18.439
131.547	18.339
131.527	18.259
131.427	18.119
131.487	18.039
131.687	17.959
131.767	17.879
131.867	18.079
131.967	18.319
131.987	18.219
131.987	17.939
132.027	17.919
POLYLINE BLACK
130.227	18.339
130.227	18.279
130.247	18.179
130.247	18.079
130.247	18.079
130.227	18.159
130.227	18.239
130.267	18.339
130.387	18.439
130.487	18.439
130.607	18.359
130.567	18.259
130.507	18.199
130.507	18.159
130.767	18.039
130.867	17.919
POLYLINE BLACK
129.767	18.199
129.827	18.099
129.907	18.039
POLYLINE BLACK
129.427	18.039
129.487	17.859
129.567	18.179
129.627	18.279
129.667	18.379
129.767	18.459
129.827	18.399
129.847	18.299
129.887	18.119
129.907	17.899
129.927	17.799
POLYLINE BLACK
131.917	16.969
131.827	16.849
131.827	16.789
131.887	16.789
131.977	16.909
131.857	16.999
131.797	16.999
131.767	16.879
131.827	16.879
POLYLINE BLACK
131.567	15.979
131.347	15.779
131.267	15.699
131.207	15.619
131.167	15.619
131.067	15.539
131.047	15.479
POLYLINE BLACK
129.387	14.139
129.467	14.219
129.667	14.379
129.947	14.579
130.047	14.639
130.107	14.739
130.247	14.799
130.447	14.979
130.567	15.079
130.647	15.099
130.947	15.339
131.107	15.499
131.127	15.559
131.267	15.699
131.347	15.699
POLYLINE BLACK
131.167	16.179
131.167	16.139
131.247	16.199
131.407	16.199
131.487	16.179
131.527	16.179
131.567	16.139
131.567	15.939
131.467	15.779
POLYLINE BLACK
131.427	15.799
POLYLINE BLACK
131.487	15.879
POLYLINE BLACK
131.527	16.019
131.487	15.939
POLYLINE BLACK
131.627	16.279
131.527	16.179
131.527	16.099
131.507	16.059
POLYLINE BLACK
129.207	15.359
129.227	15.319
129.507	15.439
129.587	15.459
129.807	15.559
129.847	15.559
130.167	15.759
130.227	15.759
130.347	15.839
130.427	15.839
130.667	15.939
130.747	15.959
130.787	15.999
130.947	15.999
131.027	16.059
131.067	16.059
131.147	16.119
131.187	16.119
131.267	16.179
POLYLINE BLACK
126.487	11.919
126.667	11.919
126.827	11.959
126.927	12.019
126.967	12.019
127.087	12.119
127.187	12.179
127.307	12.259
127.327	12.299
127.427	12.359
127.687	12.639
128.127	13.079
128.307	13.219
128.587	13.499
128.667	13.559
128.707	13.559
128.827	13.679
128.867	13.679
128.987	13.779
129.107	13.859
129.267	14.079
129.387	14.159
POLYLINE BLACK
124.907	12.839
124.987	12.859
125.207	12.919
125.307	12.979
125.427	13.019
125.587	13.119
125.767	13.179
126.067	13.379
126.107	13.379
126.327	13.519
126.347	13.579
126.387	13.579
126.467	13.639
126.547	13.659
126.727	13.739
126.807	13.759
127.007	13.879
127.087	13.879
127.267	13.959
127.467	14.139
127.787	14.399
128.067	14.639
128.167	14.739
128.487	14.959
128.527	14.999
128.567	14.999
128.767	15.119
128.887	15.179
128.987	15.199
129.187	15.319
POLYLINE BLACK
124.927	12.879
124.947	12.839
124.987	12.839
POLYLINE BLACK
125.167	11.839
125.407	11.839
125.487	11.859
125.647	11.879
125.727	11.859
125.847	11.899
126.067	11.899
126.187	11.859
126.267	11.859
126.347	11.879
126.427	11.859
126.507	11.879
126.587	11.859
POLYLINE BLACK
123.587	11.754
123.647	11.754
123.752	11.799
123.812	11.799
123.842	11.814
123.932	11.784
123.992	11.799
124.022	11.799
124.112	11.769
124.172	11.799
124.232	11.784
124.337	11.814
124.397	11.814
124.457	11.844
124.697	11.844
124.727	11.829
124.757	11.859
124.862	11.859
124.922	11.844
124.982	11.859
125.117	11.859
125.177	11.874
125.207	11.874
POLYLINE BLACK
123.452	11.769
123.467	11.739
POLYLINE BLACK
123.257	11.709
123.287	11.709
POLYLINE BLACK
124.082	13.134
POLYLINE BLACK
124.097	13.239
124.082	13.209
POLYLINE BLACK
124.202	13.389
124.142	13.344
POLYLINE BLACK
124.247	13.374
POLYLINE BLACK
124.352	13.359
POLYLINE BLACK
124.352	13.224
POLYLINE BLACK
124.352	13.104
POLYLINE BLACK
124.322	13.044
POLYLINE BLACK
124.247	12.924
POLYLINE BLACK
124.202	12.864
POLYLINE BLACK
124.142	12.699
POLYLINE BLACK
123.917	12.924
123.992	13.044
124.022	13.119
124.052	13.149
124.052	13.179
124.082	13.239
POLYLINE BLACK
123.767	12.714
123.767	12.744
123.842	12.789
123.857	12.819
123.887	12.819
123.932	12.879
POLYLINE BLACK
124.022	12.624
124.097	12.624
124.262	12.669
124.442	12.699
124.502	12.714
124.532	12.714
124.577	12.744
124.637	12.744
124.697	12.759
124.772	12.774
124.832	12.819
124.862	12.819
124.922	12.849
124.952	12.849
124.982	12.879
125.012	12.879
125.042	12.894
POLYLINE BLACK
124.382	12.654
124.442	12.699
124.472	12.699
124.532	12.714
124.562	12.699
124.622	12.729
124.652	12.714
124.682	12.729
124.712	12.714
124.772	12.729
124.802	12.729
124.862	12.759
POLYLINE BLACK
124.217	12.639
POLYLINE BLACK
124.037	12.609
POLYLINE BLACK
123.932	12.594
POLYLINE BLACK
122.732	11.244
122.882	11.349
123.002	11.454
123.092	11.499
123.122	11.544
123.242	11.649
123.257	11.679
123.287	11.664
POLYLINE BLACK
122.822	11.274
122.882	11.304
POLYLINE BLACK
123.182	12.414
123.332	12.489
123.392	12.534
123.527	12.579
123.602	12.579
123.632	12.609
123.692	12.609
123.752	12.654
POLYLINE BLACK
123.377	12.474
123.497	12.564
123.527	12.564
123.617	12.624
123.647	12.609
POLYLINE BLACK
122.417	12.159
122.462	12.219
122.567	12.234
122.597	12.264
122.627	12.264
122.657	12.279
122.687	12.264
122.747	12.294
122.777	12.294
122.807	12.309
122.867	12.294
122.927	12.294
123.047	12.354
123.077	12.354
123.107	12.369
POLYLINE BLACK
122.027	11.874
122.072	11.949
122.252	12.054
122.282	12.054
122.402	12.159
122.432	12.159
122.462	12.174
POLYLINE BLACK
121.367	11.334
121.487	11.394
121.607	11.499
121.682	11.529
121.802	11.604
121.817	11.634
121.967	11.769
122.042	11.874
POLYLINE BLACK
120.692	11.199
120.782	11.139
120.842	11.169
120.977	11.169
121.067	11.229
121.097	11.229
121.247	11.289
121.277	11.274
121.412	11.334
POLYLINE BLACK
120.257	11.094
120.287	11.079
120.347	11.094
120.452	11.109
120.512	11.094
120.542	11.124
120.572	11.124
120.602	11.109
120.632	11.124
120.677	11.124
120.737	11.139
POLYLINE BLACK
121.232	10.374
121.262	10.359
121.427	10.434
121.517	10.509
121.577	10.554
121.607	10.554
121.697	10.614
121.727	10.614
121.787	10.659
121.817	10.659
121.877	10.689
121.922	10.689
121.952	10.704
121.982	10.689
122.102	10.779
122.147	10.794
122.192	10.854
122.297	10.929
122.327	10.974
122.387	11.019
122.417	11.019
122.462	11.079
122.492	11.079
122.612	11.184
122.642	11.184
122.702	11.244
POLYLINE BLACK
119.927	11.004
119.987	10.989
120.077	11.049
120.137	11.049
120.167	11.064
120.197	11.049
120.287	11.094
POLYLINE BLACK
119.642	10.299
119.702	10.254
119.762	10.254
119.927	10.209
119.987	10.209
120.077	10.239
120.182	10.239
120.272	10.284
120.377	10.269
120.437	10.284
120.467	10.284
120.497	10.299
120.527	10.284
120.557	10.299
120.587	10.284
120.707	10.314
120.752	10.314
120.812	10.344
120.842	10.344
120.932	10.389
120.992	10.389
121.052	10.404
121.187	10.404
121.247	10.389
121.367	10.389
121.397	10.404
121.427	10.389
121.487	10.404
121.517	10.404
121.547	10.389
121.652	10.419
121.682	10.419
121.742	10.434
121.772	10.434
121.892	10.509
POLYLINE BLACK
117.617	11.179
117.657	11.179
117.757	11.239
117.877	11.239
117.977	11.259
118.097	11.239
118.537	11.239
118.637	11.219
118.857	11.219
118.977	11.179
119.077	11.179
119.297	11.119
119.477	11.079
119.537	11.079
119.617	11.099
119.697	11.099
119.797	11.079
119.837	11.039
119.997	10.999
120.037	10.979
POLYLINE BLACK
117.477	10.439
117.577	10.419
117.657	10.399
117.897	10.399
118.057	10.359
118.117	10.359
118.197	10.339
118.237	10.359
118.317	10.299
118.397	10.339
118.477	10.319
118.737	10.319
118.857	10.279
118.917	10.279
119.077	10.239
119.357	10.239
119.457	10.279
119.557	10.279
119.777	10.359
119.857	10.379
119.937	10.439
POLYLINE BLACK
113.417	9.539
113.497	9.559
113.637	9.559
113.737	9.539
113.937	9.539
113.977	9.519
114.077	9.539
114.137	9.539
114.217	9.559
114.317	9.579
114.397	9.599
114.537	9.599
114.637	9.639
114.697	9.639
114.777	9.659
114.837	9.659
114.977	9.719
115.037	9.719
115.237	9.779
115.277	9.779
115.317	9.819
115.397	9.839
115.637	9.899
115.717	9.939
115.757	9.919
116.117	10.039
116.197	10.039
116.497	10.119
116.577	10.179
116.657	10.199
116.757	10.239
116.797	10.279
116.857	10.279
117.017	10.359
117.097	10.379
117.317	10.439
117.417	10.459
117.497	10.479
POLYLINE BLACK
113.657	10.219
113.737	10.219
113.837	10.239
113.917	10.259
114.017	10.319
114.597	10.519
114.637	10.519
114.837	10.639
114.897	10.639
115.097	10.699
115.257	10.719
115.337	10.739
115.577	10.819
115.657	10.839
115.957	10.899
116.317	10.979
116.577	11.059
116.637	11.059
116.857	11.119
117.077	11.179
117.217	11.179
117.357	11.199
117.497	11.199
117.577	11.219
117.697	11.219
117.777	11.239
117.817	11.219
POLYLINE BLACK
111.457	10.959
111.737	10.899
112.037	10.819
112.237	10.799
112.457	10.699
112.537	10.679
112.617	10.619
113.057	10.419
113.217	10.319
113.297	10.299
113.397	10.219
113.557	10.219
POLYLINE BLACK
110.457	9.959
110.757	9.899
110.937	9.879
111.017	9.859
111.097	9.839
111.237	9.799
111.277	9.819
111.357	9.799
111.497	9.799
111.657	9.759
111.717	9.759
111.797	9.739
111.877	9.719
112.017	9.679
112.137	9.679
112.377	9.619
112.437	9.619
112.557	9.579
112.637	9.559
112.717	9.539
112.817	9.519
112.857	9.499
112.897	9.519
112.977	9.499
113.097	9.499
113.177	9.479
113.257	9.499
113.337	9.499
113.377	9.479
113.457	9.499
POLYLINE BLACK
103.607	23.809
103.577	23.929
103.577	24.109
103.547	24.229
103.517	24.349
103.397	24.769
103.367	24.889
103.157	25.669
103.007	25.969
102.977	26.089
102.917	26.359
102.887	26.479
102.887	26.569
102.707	27.229
102.677	27.439
102.527	27.859
102.287	28.189
102.017	28.399
101.837	28.519
101.717	28.519
101.447	28.399
101.267	28.159
101.237	28.039
101.177	27.709
101.177	26.599
101.207	26.389
101.207	26.239
101.267	26.029
101.267	25.909
101.657	25.099
101.657	24.649
101.807	24.109
101.837	23.839
101.867	23.719
101.837	23.509
101.837	23.179
101.987	22.729
101.987	22.609
102.107	22.369
102.167	22.369
102.197	22.279
102.377	22.219
102.497	22.249
102.557	22.189
102.797	22.249
102.857	22.189
103.037	22.279
103.097	22.249
103.547	22.579
103.727	22.849
103.877	23.089
103.997	23.449
103.967	23.569
103.847	23.749
103.727	24.019
103.697	24.139
POLYLINE CONNECT
102.677	23.959
84.692	16.476
POLYLINE BLACK
108.737	17.089
108.767	17.029
108.617	16.879
108.557	16.549
108.557	16.459
108.527	16.399
108.557	16.339
POLYLINE BLACK
108.587	16.789
108.617	16.909
108.647	17.029
108.707	17.269
108.857	17.719
109.007	17.959
109.007	18.019
109.247	18.349
109.247	18.409
109.397	18.649
109.397	18.739
109.427	18.859
109.517	19.219
109.757	19.639
109.757	19.939
109.787	20.059
109.787	20.719
109.727	20.989
109.637	21.499
109.517	21.889
109.457	21.949
109.427	22.069
109.367	22.249
109.247	22.369
109.127	22.369
109.007	22.429
108.917	22.429
108.737	22.339
108.587	22.099
108.587	22.009
108.347	21.769
108.257	21.529
108.257	21.349
108.167	21.229
108.137	20.959
108.107	20.839
108.077	20.719
107.987	20.329
107.927	20.089
107.777	19.699
107.777	18.889
107.807	18.679
107.837	18.499
107.807	18.379
107.807	18.199
107.837	18.079
107.897	17.779
107.957	17.419
107.987	17.089
107.987	16.909
108.107	16.579
108.107	16.309
POLYLINE CONNECT
108.317	19.699
75.117	10.935
POLYLINE BLACK
111.392	13.369
111.422	13.429
111.422	13.489
111.347	13.609
111.227	13.684
111.107	13.744
111.077	13.744
111.047	13.774
111.017	13.774
110.912	13.834
110.852	13.834
110.792	13.864
110.762	13.864
110.732	13.849
110.672	13.864
110.642	13.864
110.492	13.939
110.432	13.999
110.402	13.999
110.282	14.059
110.252	14.059
110.147	14.119
110.057	14.119
109.997	14.149
109.967	14.149
109.937	14.179
109.907	14.179
109.877	14.164
109.817	14.194
109.787	14.194
109.727	14.179
109.697	14.149
109.697	14.119
109.652	14.059
109.652	14.014
109.637	13.954
109.637	13.789
109.667	13.729
109.667	13.699
109.682	13.669
109.682	13.504
109.787	13.384
109.817	13.369
109.832	13.339
109.892	13.324
109.952	13.264
110.012	13.264
110.042	13.249
110.117	13.279
110.117	13.309
110.147	13.339
110.237	13.339
110.267	13.324
110.297	13.354
110.357	13.324
110.387	13.324
110.552	13.279
110.642	13.279
110.672	13.264
110.732	13.279
110.762	13.279
110.882	13.249
111.017	13.234
111.077	13.219
111.107	13.219
111.137	13.234
111.302	13.249
111.392	13.294
111.422	13.294
111.482	13.339
111.512	13.399
111.512	13.429
111.452	13.384
111.422	13.384
POLYLINE CONNECT
110.177	13.414
71.283	10.205
POLYLINE BLACK
110.432	10.249
POLYLINE BLACK
108.707	9.634
108.767	9.634
108.797	9.664
108.872	9.679
108.992	9.739
109.037	9.739
109.337	9.814
109.472	9.814
109.532	9.844
109.592	9.829
109.667	9.844
109.697	9.844
109.757	9.874
109.817	9.874
109.877	9.889
109.907	9.919
110.027	9.919
110.087	9.949
110.132	9.934
110.192	9.949
110.252	9.949
110.312	9.964
110.402	9.964
110.432	9.994
POLYLINE BLACK
108.947	11.179
109.037	11.014
109.157	10.939
109.217	10.909
109.307	10.909
109.367	10.864
109.427	10.864
109.517	10.804
109.742	10.804
109.832	10.834
109.892	10.819
109.922	10.819
109.952	10.834
109.997	10.834
110.117	10.864
110.222	10.864
110.312	10.909
110.372	10.909
110.402	10.924
110.432	10.909
110.507	10.939
110.537	10.969
110.567	10.969
110.672	11.014
110.807	11.014
110.867	10.999
111.032	10.999
111.062	10.969
111.092	10.969
111.122	10.984
111.197	10.954
111.257	10.984
111.287	10.969
111.317	10.984
111.377	10.969
111.422	10.969
111.482	10.984
POLYLINE BLACK
108.167	11.659
108.137	11.539
108.197	11.359
108.437	11.209
108.827	11.119
108.947	11.149
109.067	11.119
109.187	11.149
POLYLINE BLACK
108.257	9.049
108.257	9.199
108.377	9.379
108.767	9.649
108.797	9.709
POLYLINE BLACK
107.087	13.309
107.267	13.009
107.477	12.769
107.657	12.499
107.657	12.409
107.867	11.959
107.897	11.839
108.047	11.569
108.287	11.359
108.587	11.179
108.647	11.209
108.767	11.179
109.067	11.179
POLYLINE BLACK
107.297	8.239
107.237	8.299
107.627	8.689
107.927	8.899
108.047	8.989
108.137	8.989
108.287	9.169
108.347	9.169
108.407	9.229
108.017	8.989
107.807	8.839
107.597	8.569
107.477	8.449
107.327	8.389
106.847	7.849
106.667	7.609
106.397	7.249
POLYLINE BLACK
107.087	13.339
107.267	13.129
POLYLINE BLACK
107.807	8.659
107.627	8.539
107.387	8.389
107.177	8.179
107.057	8.149
106.937	8.029
106.877	8.029
106.547	7.699
106.397	7.429
106.367	7.309
106.187	6.739
106.157	6.619
106.037	6.229
106.007	6.079
105.977	6.049
106.067	6.319
106.187	6.589
106.307	6.949
106.397	7.159
106.457	7.219
106.487	7.339
106.697	7.669
106.907	7.879
106.997	7.909
107.297	8.209
107.417	8.269
POLYLINE BLACK
105.017	14.989
105.527	14.389
105.617	14.299
105.767	14.089
106.187	13.759
106.487	13.609
106.607	13.579
107.027	13.219
107.207	13.189
POLYLINE BLACK
107.837	8.599
107.627	8.299
107.507	8.119
107.207	7.819
107.147	7.819
106.907	7.459
106.787	7.279
106.607	7.099
106.517	6.949
106.097	6.409
105.857	6.049
105.707	5.869
105.707	5.809
POLYLINE BLACK
102.737	11.029
102.887	10.789
103.067	10.369
103.337	9.949
103.487	9.289
103.517	9.169
103.577	8.869
103.787	8.359
103.787	7.969
103.757	7.849
103.757	7.669
103.787	7.549
103.787	7.459
103.877	7.189
103.967	6.799
103.997	6.649
103.997	6.079
104.027	5.959
104.027	5.569
103.997	5.509
POLYLINE BLACK
103.877	15.319
104.027	15.289
104.147	15.229
104.207	15.139
104.417	15.139
104.537	15.109
104.597	15.109
104.717	15.019
104.867	15.019
104.987	14.929
POLYLINE BLACK
102.737	15.619
102.857	15.439
103.157	15.289
103.217	15.289
103.307	15.229
103.427	15.199
103.607	15.109
103.907	15.109
POLYLINE BLACK
102.617	16.219
102.587	16.069
102.557	15.889
102.587	15.739
102.587	15.619
102.767	15.499
POLYLINE BLACK
100.217	10.249
100.187	10.129
100.157	10.009
100.097	9.949
POLYLINE BLACK
99.227	10.279
99.257	10.159
99.347	9.979
99.347	9.919
POLYLINE BLACK
99.047	10.759
99.077	10.699
POLYLINE BLACK
100.187	10.429
100.157	10.279
POLYLINE BLACK
100.157	10.669
100.157	10.549
POLYLINE BLACK
100.217	11.059
100.217	10.999
POLYLINE BLACK
100.277	11.449
100.247	11.359
POLYLINE BLACK
100.337	11.689
100.307	11.629
POLYLINE BLACK
100.427	12.109
100.427	12.019
POLYLINE BLACK
100.427	12.349
POLYLINE BLACK
100.337	12.649
100.367	12.559
POLYLINE BLACK
100.307	13.009
100.367	12.889
POLYLINE BLACK
100.337	13.309
100.337	13.129
POLYLINE BLACK
98.777	11.329
98.777	11.179
98.837	10.849
98.837	10.549
98.807	10.489
POLYLINE BLACK
98.627	11.599
98.627	11.539
POLYLINE BLACK
98.447	12.199
98.417	12.079
98.447	12.019
POLYLINE BLACK
98.417	12.799
98.387	12.589
98.417	12.529
POLYLINE BLACK
98.597	13.159
POLYLINE BLACK
98.717	13.579
98.687	13.519
POLYLINE BLACK
98.507	14.119
98.537	14.059
POLYLINE BLACK
98.087	14.509
98.177	14.269
POLYLINE BLACK
98.387	13.069
POLYLINE BLACK
102.407	11.209
102.467	11.209
102.737	10.969
POLYLINE BLACK
101.117	12.289
101.237	12.259
101.357	12.139
101.507	12.049
101.627	11.839
102.107	11.359
102.347	11.239
102.377	11.179
102.437	11.179
102.497	11.089
POLYLINE BLACK
100.277	13.399
100.397	13.399
100.487	13.429
100.787	13.249
100.937	13.069
101.057	12.889
101.057	12.799
101.147	12.619
101.237	12.259
101.267	12.199
POLYLINE BLACK
99.557	14.659
99.797	14.419
99.977	14.089
100.067	13.969
100.097	13.849
100.157	13.699
100.517	13.369
100.577	13.339
POLYLINE BLACK
98.357	15.169
98.627	15.259
98.927	15.259
99.197	15.109
99.407	14.779
99.497	14.629
POLYLINE BLACK
96.857	15.019
96.977	15.079
97.127	15.079
97.307	15.139
97.397	15.139
97.517	15.169
97.727	15.169
98.057	15.259
98.267	15.259
98.327	15.229
98.387	15.259
98.537	15.259
98.627	15.289
POLYLINE BLACK
101.447	17.479
101.567	17.479
101.837	17.389
102.107	17.119
102.407	16.669
102.467	16.429
102.497	16.159
102.497	16.009
102.527	15.889
102.527	15.769
POLYLINE BLACK
100.127	18.259
100.577	17.989
100.637	18.019
100.727	17.869
101.027	17.629
101.297	17.389
101.477	17.269
POLYLINE BLACK
99.047	18.499
99.197	18.349
99.467	18.229
99.797	18.229
99.857	18.259
99.977	18.229
100.187	18.229
100.307	18.139
POLYLINE BLACK
98.657	18.949
98.657	18.739
98.807	18.499
98.927	18.409
99.047	18.469
99.107	18.409
POLYLINE BLACK
97.427	20.929
97.487	20.869
97.757	20.929
97.877	20.929
98.117	20.749
98.327	20.449
98.327	20.359
98.357	20.239
98.447	19.789
98.447	19.609
98.507	19.339
98.567	19.099
98.597	18.979
98.807	18.739
POLYLINE BLACK
96.707	15.109
96.827	15.079
96.947	15.109
97.127	15.139
97.247	15.109
97.367	15.169
97.427	15.139
POLYLINE BLACK
92.417	13.429
92.297	13.399
92.147	13.429
91.997	13.639
91.727	13.729
91.667	13.729
POLYLINE BLACK
92.867	13.279
92.747	13.309
POLYLINE BLACK
93.197	13.099
93.167	13.159
93.107	13.159
POLYLINE BLACK
93.497	12.859
93.437	12.889
POLYLINE BLACK
94.277	12.409
94.217	12.469
94.157	12.469
93.857	12.739
93.767	12.769
POLYLINE BLACK
94.697	12.139
94.487	12.259
POLYLINE BLACK
95.057	12.139
94.997	12.139
POLYLINE BLACK
95.447	11.989
POLYLINE BLACK
95.927	11.959
POLYLINE BLACK
95.837	12.619
95.897	12.559
POLYLINE BLACK
95.447	12.919
95.567	12.889
POLYLINE BLACK
95.177	13.249
POLYLINE BLACK
94.787	13.459
POLYLINE BLACK
94.637	13.699
POLYLINE BLACK
94.217	13.909
POLYLINE BLACK
94.007	14.149
POLYLINE BLACK
93.617	14.209
93.737	14.239
POLYLINE BLACK
91.307	13.879
91.787	14.029
91.907	14.059
92.057	14.149
92.297	14.269
92.777	14.329
92.897	14.359
93.107	14.389
93.497	14.479
93.677	14.539
93.797	14.539
93.977	14.599
94.307	14.599
94.367	14.569
94.487	14.599
94.607	14.539
95.087	14.689
95.147	14.749
95.207	14.749
95.327	14.839
95.597	14.899
95.897	14.959
96.107	14.989
96.167	14.959
96.527	15.079
96.587	15.139
96.887	15.199
97.007	15.259
POLYLINE BLACK
90.707	17.749
91.577	18.019
91.697	18.079
91.787	18.079
91.967	18.169
92.117	18.169
92.387	18.319
92.957	18.589
93.047	18.589
93.347	18.679
93.677	18.529
93.797	18.529
94.157	18.709
94.547	19.039
95.117	19.399
95.387	19.609
95.717	19.849
95.897	20.029
96.167	20.239
96.347	20.419
96.527	20.539
96.647	20.659
96.857	20.779
96.977	20.809
97.247	20.899
97.307	20.869
97.427	20.899
97.487	20.869
97.607	20.929
97.667	20.899
