TRIP
DATE 2005-07-09 
DECLINATION     0.00
DATA
6.23	7.0	0.00	0.00	0.000	>
7.0	7.1	1.71	16.91	2.836	>
7.1		8.23	13.60	3.185	>
7.1		50.24	12.85	3.435	>
7.1		72.64	9.17	5.397	>
7.1		106.01	7.60	4.471	>
7.1		157.34	1.13	3.790	>
7.1		174.73	3.66	4.984	>
7.1		188.21	14.54	7.311	>
7.1		199.60	8.18	1.581	>
7.1		203.89	52.15	13.508	>
7.1		205.45	68.72	10.387	>
7.1		207.49	83.80	8.981	>
7.1		28.13	78.02	9.405	>
7.1		24.73	54.49	12.765	>
7.1		30.20	41.37	10.410	>
7.1		30.50	29.33	8.017	>
7.1		181.70	-83.04	1.387	>
7.1		29.03	47.07	13.112	>
7.1		27.03	80.87	9.450	>
7.1		93.40	69.42	6.185	>
7.1		105.32	48.44	7.849	>
7.1		115.52	23.09	4.997	>
7.1		116.31	-0.62	3.579	>
7.1		118.25	-30.73	3.057	>
7.1	7.2	106.89	-3.62	4.059	>
7.2	7.3	27.14	-38.23	4.646	>
7.3	7.4	90.71	-6.44	2.186	>
7.4	7.5	22.20	41.87	2.352	>
7.5		330.47	-1.03	0.726	>
7.5		140.75	0.17	1.002	>
7.5		123.64	82.82	7.643	>
7.5		157.38	-87.34	1.403	>
7.5	7.6	95.02	29.17	2.419	>
7.6		253.97	28.22	5.171	>
7.6		223.51	66.89	8.713	>
7.6		40.27	33.53	9.815	>
7.6		40.32	25.84	6.772	>
7.6		42.61	11.66	5.672	>
7.1	7.7	51.49	36.95	5.006	>
7.7		153.74	3.96	8.717	>
7.7		175.71	10.48	9.270	>
7.7	7.8	9.84	44.03	7.788	>
7.8		302.36	4.19	2.340	>
7.8		270.60	80.22	2.826	>
7.8		243.21	-0.56	5.192	>
7.8		308.47	-78.53	3.751	>
7.8	7.9	31.38	27.93	2.022	>
7.9		14.27	50.07	4.666	>
7.9		14.74	47.40	3.316	>
7.9		10.32	51.11	3.789	>
7.9		16.99	50.19	3.918	>
7.9		350.51	20.21	2.197	>
7.9		313.58	3.47	1.966	>
7.9		287.42	-8.19	2.386	>
7.9		350.48	71.81	1.975	>
7.9		307.33	-69.09	1.039	>

PLAN
STATIONS
0.000	0.000	6.23
0.000	0.000	7.0
0.081	2.712	7.1
3.957	1.535	7.2
5.622	4.783	7.3
7.794	4.756	7.4
8.456	6.378	7.5
10.560	6.193	7.6
3.212	5.203	7.7
4.169	10.720	7.8
5.099	12.245	7.9
-9.770	4.123	7.1
SHOTS
4.169	10.720	5.099	12.245
5.099	12.245	5.837	15.147
5.099	12.245	5.670	14.416
5.099	12.245	5.525	14.585
5.099	12.245	5.832	14.644
5.099	12.245	4.759	14.279
5.099	12.245	3.677	13.598
5.099	12.245	2.846	12.952
5.099	12.245	4.997	12.853
5.099	12.245	4.804	12.470
3.212	5.203	4.169	10.720
4.169	10.720	2.198	11.969
4.169	10.720	3.689	10.725
4.169	10.720	-0.466	8.380
4.169	10.720	3.585	11.184
0.081	2.712	3.212	5.203
3.212	5.203	7.060	-2.596
3.212	5.203	3.894	-3.887
8.456	6.378	10.560	6.193
10.560	6.193	6.181	4.935
10.560	6.193	8.206	3.713
10.560	6.193	15.848	12.436
10.560	6.193	14.504	10.840
10.560	6.193	14.321	10.281
7.794	4.756	8.456	6.378
8.456	6.378	8.098	7.010
8.456	6.378	9.090	5.602
8.456	6.378	9.251	5.849
8.456	6.378	8.481	6.318
5.622	4.783	7.794	4.756
3.957	1.535	5.622	4.783
0.081	2.712	3.957	1.535
0.000	0.000	0.081	2.712
0.081	2.712	0.524	5.776
0.081	2.712	2.656	4.854
0.081	2.712	5.166	4.302
0.081	2.712	4.341	1.490
0.081	2.712	1.541	-0.785
0.081	2.712	0.538	-2.241
0.081	2.712	-0.930	-4.292
0.081	2.712	-0.444	1.238
0.081	2.712	-3.276	-4.866
0.081	2.712	-1.539	-0.692
0.081	2.712	-0.367	1.851
0.081	2.712	1.001	4.433
0.081	2.712	3.183	9.447
0.081	2.712	4.010	9.464
0.081	2.712	3.628	8.734
0.081	2.712	0.076	2.544
0.081	2.712	4.414	10.520
0.081	2.712	0.762	4.047
0.081	2.712	2.251	2.583
0.081	2.712	5.103	1.336
0.081	2.712	4.229	0.732
0.081	2.712	3.289	1.126
0.081	2.712	2.396	1.468
0.000	0.000	0.000	0.000
-9.770	4.123	-9.424	4.872	
-9.770	4.123	-7.265	4.887	
-9.770	4.123	-4.738	4.983	
-9.770	4.123	-5.473	4.714	
-9.770	4.123	-8.200	4.198	
-9.770	4.123	-9.155	4.441	
-9.770	4.123	-10.557	5.959	
-9.770	4.123	-10.248	4.348	
-9.770	4.123	-12.884	14.789	
-9.770	4.123	-11.281	13.802	
-9.770	4.123	-10.190	13.051	
-9.770	4.123	-8.905	13.323	
-9.770	4.123	-6.884	14.513	
-9.770	4.123	-6.058	11.004	
-9.770	4.123	-6.416	8.050	
-9.770	4.123	-9.769	2.746	
-9.770	4.123	-5.688	13.724	
-9.770	4.123	-9.132	13.453	
-9.770	4.123	-7.597	9.913	
-9.770	4.123	-4.707	9.996	
-9.770	4.123	-5.561	6.083	
-9.770	4.123	-6.513	4.084	
-9.770	4.123	-7.417	2.561	
POLYLINE BLACK
6.060	14.748
6.100	14.848
6.160	14.928
POLYLINE BLACK
5.740	14.908
5.840	15.088
POLYLINE BLACK
5.980	14.808
6.020	14.888
POLYLINE BLACK
5.220	11.848
5.340	11.908
5.420	12.128
5.420	12.208
5.500	12.448
5.720	12.808
5.880	12.948
5.920	12.948
6.060	13.108
6.200	13.348
6.200	13.428
6.240	13.608
6.240	13.888
6.140	14.128
6.020	14.328
5.960	14.448
5.900	14.748
POLYLINE BLACK
5.260	11.908
5.260	11.868
5.420	12.068
POLYLINE BLACK
2.160	11.708
2.320	11.868
2.460	12.128
2.560	12.308
2.660	12.488
2.680	12.568
2.800	12.748
2.920	12.828
3.000	12.908
3.100	12.948
3.560	13.428
3.660	13.528
3.760	13.568
3.960	13.748
4.040	13.808
4.060	13.868
4.380	14.068
4.700	14.268
5.200	14.548
5.360	14.568
5.400	14.608
5.440	14.608
5.720	14.828
POLYLINE BLACK
2.220	11.828
2.160	11.828
2.120	11.868
1.960	11.888
POLYLINE BLACK
5.500	14.588
5.600	14.788
5.600	14.748
5.540	14.668
5.540	14.668
5.560	14.708
5.560	14.648
POLYLINE BLACK
4.730	10.248
4.550	10.548
4.550	10.668
4.610	10.818
4.850	11.178
5.000	11.478
5.150	11.658
5.150	11.718
5.210	11.778
5.240	11.898
POLYLINE BLACK
4.610	9.108
4.580	9.348
4.580	9.528
4.610	9.648
4.610	9.738
4.550	9.978
4.580	10.098
4.760	10.398
POLYLINE BLACK
3.620	5.478
3.590	5.538
3.710	5.928
3.980	6.228
4.070	6.408
4.100	6.528
4.130	6.648
4.130	6.738
4.250	7.098
4.520	7.578
4.550	7.698
4.580	7.818
4.580	8.148
4.520	8.418
4.490	8.688
4.490	8.958
4.520	9.078
4.520	9.138
POLYLINE BLACK
3.620	5.658
3.560	5.778
3.560	5.868
3.710	6.258
4.010	6.648
4.100	6.858
4.310	7.128
4.340	7.188
POLYLINE BLACK
1.400	7.038
1.610	7.308
1.670	7.578
1.580	7.728
1.250	7.908
0.740	7.968
0.560	8.028
0.440	7.968
0.020	8.088
-0.250	8.148
-0.370	8.148
-0.550	8.298
-0.400	8.628
0.170	9.198
0.530	9.438
1.010	9.948
1.370	10.488
1.610	11.088
1.730	11.358
1.850	11.448
1.910	11.448
2.030	11.568
2.270	11.748
POLYLINE BLACK
4.680	-3.112
5.130	-2.962
5.190	-2.902
5.040	-2.932
4.860	-2.992
4.710	-2.992
4.710	-2.992
5.010	-2.962
5.160	-2.992
5.220	-2.962
4.860	-2.992
4.860	-2.992
5.220	-2.962
4.920	-3.052
5.220	-3.052
POLYLINE BLACK
3.390	-3.832
3.090	-3.232
3.000	-2.902
3.180	-2.392
3.180	-2.122
3.120	-1.432
3.060	-1.192
3.000	-0.772
2.940	-0.502
POLYLINE BLACK
5.130	-4.072
4.800	-4.192
4.740	-4.162
4.470	-4.222
4.320	-4.222
4.260	-4.252
4.050	-4.222
3.930	-4.252
3.750	-4.252
POLYLINE BLACK
6.780	-3.112
6.480	-3.382
6.300	-3.532
6.240	-3.502
6.060	-3.682
POLYLINE BLACK
7.200	-1.582
7.290	-1.852
7.290	-1.942
7.350	-2.212
7.350	-2.302
7.050	-2.812
7.020	-2.932
POLYLINE BLACK
6.540	-0.142
6.810	-0.592
6.840	-0.712
7.020	-1.102
POLYLINE BLACK
5.790	1.088
5.820	0.938
5.940	0.758
6.030	0.608
6.240	0.218
6.300	0.158
POLYLINE BLACK
5.610	1.298
POLYLINE BLACK
4.830	2.678
4.950	2.318
5.040	2.198
5.100	1.928
5.100	1.808
5.220	1.538
5.370	1.388
POLYLINE BLACK
3.610	5.198
3.340	5.468
3.310	5.588
3.370	5.708
3.400	5.588
3.550	5.348
3.730	5.288
3.850	5.318
4.060	5.348
POLYLINE BLACK
6.130	5.828
5.860	5.738
5.800	5.738
5.740	5.678
5.470	5.618
4.990	5.498
4.870	5.468
4.780	5.498
4.540	5.408
4.420	5.438
4.060	5.318
3.940	5.258
3.880	5.288
3.610	5.228
3.430	5.318
3.370	5.288
3.280	5.378
3.280	5.528
3.340	5.588
POLYLINE BLACK
6.430	5.948
6.370	5.978
5.980	5.858
5.860	5.828
5.740	5.738
5.320	5.678
5.200	5.708
5.080	5.678
5.050	5.618
POLYLINE BLACK
8.980	5.678
9.130	5.528
9.250	5.438
9.490	5.468
9.610	5.438
9.730	5.468
9.910	5.408
10.060	5.408
10.300	5.348
10.420	5.378
10.480	5.408
10.600	5.378
10.660	5.438
10.930	5.498
10.990	5.468
11.350	5.678
11.410	5.678
11.860	6.038
12.100	6.338
12.550	6.788
12.640	6.908
12.670	7.028
12.730	7.298
12.730	7.418
13.060	7.868
13.270	8.258
13.510	8.648
13.720	8.858
14.110	9.278
14.440	9.758
14.560	9.908
14.590	10.028
14.830	10.328
14.920	10.478
15.190	10.838
15.400	11.048
15.640	11.498
15.880	11.768
16.060	12.158
16.120	12.308
16.120	12.398
16.150	12.548
16.150	12.728
16.120	12.878
16.030	13.028
15.730	13.088
15.400	12.998
15.040	12.818
14.800	12.578
14.710	12.548
14.350	12.188
14.170	12.068
13.870	11.738
13.540	11.228
13.330	11.078
12.940	10.658
12.760	10.268
12.580	10.118
12.220	9.968
12.160	9.998
12.100	9.938
11.830	9.878
11.500	9.668
11.050	9.188
10.960	8.978
10.810	8.798
10.720	8.648
10.420	8.438
10.300	8.348
9.910	8.198
9.850	8.138
9.760	8.138
9.700	8.078
9.700	8.018
9.490	7.808
9.250	7.628
9.100	7.568
8.770	7.298
8.680	7.298
8.230	7.028
8.050	6.848
7.930	6.758
POLYLINE BLACK
6.470	5.788
6.310	5.648
POLYLINE BLACK
7.110	6.208
6.830	6.028
6.790	6.028
6.670	5.948
6.630	5.948
6.630	5.908
6.550	5.848
POLYLINE BLACK
7.950	7.128
7.830	7.088
7.650	6.968
7.590	6.908
7.290	6.608
7.130	6.388
7.130	6.348
7.090	6.308
7.090	6.268
7.010	6.148
6.890	6.048
POLYLINE BLACK
5.030	3.008
5.110	3.088
5.230	3.328
5.290	3.408
5.310	3.488
5.450	3.748
5.730	3.948
5.810	4.128
5.830	4.228
5.870	4.308
5.970	4.328
6.050	4.348
6.250	4.408
6.310	4.408
6.350	4.388
6.450	4.408
6.630	4.408
6.770	4.388
6.830	4.388
6.910	4.428
7.090	4.428
7.130	4.448
7.210	4.428
7.250	4.468
7.430	4.448
7.510	4.448
7.590	4.468
7.750	4.488
7.850	4.488
7.970	4.548
8.050	4.548
8.090	4.588
POLYLINE BLACK
8.250	7.188
8.290	7.168
8.170	7.168
7.990	7.108
7.830	7.008
7.790	7.008
7.590	6.848
POLYLINE BLACK
8.170	4.868
8.470	5.168
8.530	5.268
8.730	5.508
8.810	5.528
8.970	5.708
POLYLINE BLACK
7.950	4.568
8.250	4.828
8.310	4.908
POLYLINE BLACK
8.190	4.828
8.250	4.888
POLYLINE BLACK
8.090	4.708
8.130	4.748
POLYLINE BLACK
7.950	4.568
7.970	4.608
POLYLINE BLACK
-12.695	14.473
-12.545	14.548
-12.395	14.473
-12.170	14.473
-11.570	14.098
-11.420	14.023
-11.120	13.573
-10.595	13.273
-10.445	13.273
-9.995	13.423
-9.545	13.798
-9.320	13.798
-9.170	13.948
-8.870	13.948
-8.720	14.023
-8.420	13.948
-8.120	13.948
-7.295	13.648
-7.145	13.498
-6.995	13.498
-6.545	13.198
-6.320	12.823
-6.320	11.473
-5.945	10.873
-5.795	10.723
-5.720	10.498
-5.570	10.348
-5.570	10.198
-5.495	9.898
-5.495	8.923
-5.570	8.773
-5.570	7.573
-5.495	6.823
-5.420	5.548
-5.420	5.173
-5.795	4.198
-6.170	3.748
-6.245	3.373
-6.770	2.773
-7.220	2.548
-7.370	2.548
-7.970	2.398
-8.270	2.398
-8.420	2.473
-8.570	2.398
-8.870	2.548
-9.020	2.548
-9.470	2.848
-10.070	3.748
-10.070	3.898
-10.145	4.198
-10.145	5.773
-10.295	6.073
-10.370	6.448
-10.820	7.348
-10.970	8.398
-11.345	9.448
-11.795	10.198
-11.795	10.348
-12.020	10.798
-12.020	11.023
-12.245	11.548
-12.470	12.373
-12.545	12.673
-12.695	12.823
-12.845	13.348
-12.920	13.648
-12.920	14.473
-12.620	14.548
POLYLINE CONNECT
-9.770	4.123
0.081	2.712
POLYLINE BLACK
0.430	2.848
0.505	2.698
POLYLINE BLACK
0.370	5.308
0.430	5.488
0.430	5.698
0.520	5.908
0.640	5.968
0.790	6.118
0.940	6.178
1.210	6.478
1.390	6.748
1.480	7.078
1.480	7.348
POLYLINE BLACK
0.280	5.068
0.280	5.188
0.370	5.368
0.370	5.428
POLYLINE BLACK
-0.290	2.878
-0.260	2.998
-0.170	3.148
0.010	3.568
0.100	4.078
0.100	4.198
0.160	4.468
0.310	5.128
0.310	5.188
POLYLINE BLACK
4.360	1.768
4.960	2.998
5.050	3.118
POLYLINE BLACK
3.430	0.328
3.850	0.628
4.150	1.048
4.180	1.138
4.270	1.168
4.390	1.378
4.450	1.438
4.540	1.828
POLYLINE BLACK
1.570	-1.502
1.840	-0.992
2.080	-0.662
2.320	-0.422
2.680	-0.212
2.920	-0.032
2.980	-0.032
POLYLINE BLACK
1.780	-1.052
1.780	-0.962
1.900	-0.722
POLYLINE BLACK
0.730	-2.402
1.090	-2.042
1.150	-2.042
1.270	-1.862
POLYLINE BLACK
-0.260	-0.782
-0.200	-0.812
-0.260	-0.812
-0.140	-0.842
-0.050	-0.842
0.070	-0.812
-0.140	-0.872
-0.350	-0.872
-0.140	-0.812
0.010	-0.782
0.130	-0.812
-0.230	-0.812
-0.290	-0.782
-0.290	-0.782
-0.020	-0.842
POLYLINE BLACK
0.040	-0.362
-0.080	-0.332
-0.290	-0.332
-0.740	-0.512
-0.890	-0.782
-0.890	-0.932
-0.830	-1.052
-0.410	-1.352
-0.140	-1.412
-0.050	-1.382
0.010	-1.412
0.280	-1.292
0.490	-1.082
0.490	-0.902
0.430	-0.752
0.190	-0.512
0.130	-0.512
0.010	-0.392
-0.050	-0.392
-0.170	-0.302
-0.320	-0.302
-0.530	-0.332
POLYLINE BLACK
-0.530	-4.022
-0.440	-3.572
-0.350	-3.452
-0.350	-3.362
0.190	-2.792
0.340	-2.642
0.490	-2.492
0.550	-2.402
0.610	-2.402
POLYLINE BLACK
-3.200	-5.402
-2.870	-5.072
-2.660	-4.982
-2.600	-4.922
-2.480	-4.922
-2.360	-4.832
-2.240	-4.832
-2.000	-4.742
-1.880	-4.742
-1.700	-4.682
-1.610	-4.682
-1.250	-4.562
-1.010	-4.502
-0.830	-4.382
-0.740	-4.232
-0.680	-4.202
-0.650	-4.112
POLYLINE BLACK
-3.350	-4.052
-3.650	-4.562
-3.710	-4.712
POLYLINE BLACK
-2.660	-2.432
-2.690	-2.552
-2.810	-2.792
-2.840	-2.942
-2.930	-3.062
-2.990	-3.212
-3.140	-3.392
-3.200	-3.512
POLYLINE BLACK
-1.970	-0.722
-2.060	-0.902
-2.090	-1.022
-2.180	-1.292
-2.270	-1.412
-2.300	-1.532
-2.390	-1.802
POLYLINE BLACK
-1.040	1.408
-1.010	1.288
-1.100	1.168
-1.130	1.048
-1.280	0.718
-1.310	0.598
-1.400	0.268
-1.490	0.178
-1.670	-0.152
-1.760	-0.302
POLYLINE BLACK
-0.920	1.648
POLYLINE BLACK
-0.650	2.368
-0.590	2.218
-0.710	2.068
-0.770	2.098
-0.770	2.008
-0.740	1.948
-0.830	1.678
POLYLINE BLACK
-0.380	2.878
-0.350	2.668
-0.410	2.518
-0.470	2.458

ELEVATION
STATIONS
0.000	0.000	6.23
0.000	0.000	7.0
2.713	0.825	7.1
6.764	0.569	7.2
10.415	-2.306	7.3
12.587	-2.551	7.4
14.339	-0.981	7.5
16.451	0.198	7.6
6.714	3.834	7.7
12.313	9.247	7.8
14.099	10.194	7.9
-9.350	-7.700	7.1
SHOTS
12.313	9.247	14.099	10.194
14.099	10.194	16.956	13.772
14.099	10.194	16.247	12.635
14.099	10.194	16.314	13.143
14.099	10.194	16.526	13.204
14.099	10.194	15.652	10.953
14.099	10.194	14.506	10.313
14.099	10.194	13.520	9.854
14.099	10.194	14.563	12.070
14.099	10.194	14.136	9.223
6.714	3.834	12.313	9.247
12.313	9.247	12.725	9.418
12.313	9.247	12.168	12.032
12.313	9.247	8.946	9.196
12.313	9.247	12.512	5.571
2.713	0.825	6.714	3.834
6.714	3.834	2.694	4.436
6.714	3.834	0.383	5.520
14.339	-0.981	16.451	0.198
16.451	0.198	12.200	2.643
16.451	0.198	14.325	8.212
16.451	0.198	21.166	5.619
16.451	0.198	19.968	3.150
16.451	0.198	19.836	1.344
12.587	-2.551	14.339	-0.981
14.339	-0.981	14.357	-0.994
14.339	-0.981	14.611	-0.978
14.339	-0.981	15.137	6.602
14.339	-0.981	14.320	-2.382
10.415	-2.306	12.587	-2.551
6.764	0.569	10.415	-2.306
2.713	0.825	6.764	0.569
0.000	0.000	2.713	0.825
2.713	0.825	4.015	1.574
2.713	0.825	4.742	1.589
2.713	0.825	7.111	1.685
2.713	0.825	7.144	1.416
2.713	0.825	-0.331	0.900
2.713	0.825	-2.223	1.143
2.713	0.825	-4.321	2.661
2.713	0.825	1.222	1.050
2.713	0.825	-4.968	11.491
2.713	0.825	-0.741	10.504
2.713	0.825	1.838	9.753
2.713	0.825	3.776	10.025
2.713	0.825	6.626	11.215
2.713	0.825	7.041	7.706
2.713	0.825	6.594	4.752
2.713	0.825	2.545	-0.552
2.713	0.825	7.615	10.426
2.713	0.825	3.520	10.155
2.713	0.825	4.826	6.615
2.713	0.825	7.917	6.698
2.713	0.825	7.258	2.785
2.713	0.825	6.244	0.786
2.713	0.825	5.290	-0.737
0.000	0.000	0.000	0.000
-9.350	-7.700	-9.004	-6.951	
-9.350	-7.700	-6.845	-6.936	
-9.350	-7.700	-4.318	-6.840	
-9.350	-7.700	-5.053	-7.109	
-9.350	-7.700	-7.780	-7.625	
-9.350	-7.700	-8.735	-7.382	
-9.350	-7.700	-10.137	-5.864	
-9.350	-7.700	-9.828	-7.475	
-9.350	-7.700	-12.464	2.966	
-9.350	-7.700	-10.861	1.979	
-9.350	-7.700	-9.770	1.228	
-9.350	-7.700	-8.485	1.500	
-9.350	-7.700	-6.464	2.690	
-9.350	-7.700	-5.638	-0.819	
-9.350	-7.700	-5.996	-3.773	
-9.350	-7.700	-9.349	-9.077	
-9.350	-7.700	-5.268	1.901	
-9.350	-7.700	-8.712	1.630	
-9.350	-7.700	-7.177	-1.910	
-9.350	-7.700	-4.287	-1.827	
-9.350	-7.700	-5.141	-5.740	
-9.350	-7.700	-6.093	-7.739	
-9.350	-7.700	-6.997	-9.262	
POLYLINE BLACK
7.825	8.900
7.725	8.800
POLYLINE BLACK
8.025	9.000
POLYLINE BLACK
8.525	8.800
8.425	8.850
8.225	8.800
POLYLINE BLACK
8.525	8.750
POLYLINE BLACK
8.825	9.250
8.775	9.100
POLYLINE BLACK
9.025	9.600
8.975	9.500
POLYLINE BLACK
9.125	10.100
9.075	9.900
POLYLINE BLACK
9.475	10.650
9.325	10.400
POLYLINE BLACK
10.025	11.000
9.925	11.000
9.875	10.900
POLYLINE BLACK
13.125	12.150
12.975	12.000
12.775	12.000
12.575	12.050
12.375	12.050
12.275	12.100
12.075	12.050
11.625	11.950
11.325	11.800
11.225	11.800
11.075	11.600
10.875	11.550
10.525	11.350
10.475	11.250
10.375	11.250
10.325	11.050
POLYLINE BLACK
15.975	13.650
15.325	13.100
15.225	12.850
14.775	12.200
14.475	12.000
13.875	12.000
13.425	12.100
POLYLINE BLACK
16.225	13.900
POLYLINE BLACK
9.875	4.650
9.625	4.550
POLYLINE BLACK
10.525	4.750
10.425	4.750
10.325	4.650
POLYLINE BLACK
11.125	4.950
11.025	4.900
POLYLINE BLACK
12.225	5.550
12.125	5.550
12.025	5.450
POLYLINE BLACK
12.875	5.950
12.675	5.800
POLYLINE BLACK
13.475	6.700
13.425	6.600
POLYLINE BLACK
14.125	7.750
13.975	7.550
13.925	7.400
POLYLINE BLACK
14.275	8.650
14.225	8.400
14.025	7.950
POLYLINE BLACK
17.875	14.150
17.575	13.900
17.475	13.850
17.375	13.600
17.275	13.500
17.225	13.300
16.825	13.000
16.325	12.350
16.275	12.150
16.125	11.650
16.075	11.300
15.975	11.200
15.925	11.000
15.775	10.850
15.525	10.550
15.475	10.350
15.275	10.150
15.125	9.800
14.975	9.650
14.975	9.550
14.625	9.050
14.425	8.900
POLYLINE BLACK
11.975	1.150
12.325	1.850
12.325	2.000
12.375	2.200
12.375	2.400
12.425	2.500
12.375	2.700
12.275	3.150
12.175	3.400
11.925	3.650
11.325	4.050
11.125	4.050
10.925	4.100
10.525	4.150
10.325	4.150
10.125	4.200
9.875	4.200
9.675	4.150
9.475	4.150
9.175	4.000
8.775	3.900
8.675	3.800
8.475	3.750
8.275	3.600
8.175	3.600
7.975	3.400
7.875	3.400
7.625	2.850
7.625	2.550
7.875	2.100
8.075	1.950
8.375	1.900
8.625	1.750
8.725	1.750
8.825	1.400
8.825	1.200
8.775	1.000
8.975	0.550
9.525	0.000
9.775	-0.600
10.275	-1.100
10.575	-1.350
10.875	-1.450
10.975	-1.550
11.125	-1.550
11.325	-1.600
11.525	-1.500
11.775	-1.000
11.925	-0.750
11.925	-0.550
11.975	-0.300
11.975	0.200
11.925	0.400
12.075	1.050
12.225	1.250
POLYLINE BLACK
14.475	8.450
14.225	8.500
13.975	8.950
13.925	9.150
13.875	9.400
13.425	9.900
13.275	10.100
13.025	10.200
12.575	10.550
12.425	10.550
12.275	10.650
12.025	10.700
11.625	10.850
11.475	10.850
11.375	10.900
11.275	10.850
11.175	10.900
11.075	10.850
10.775	11.000
10.125	11.100
9.625	11.250
9.125	11.250
8.825	11.100
POLYLINE BLACK
19.775	6.700
19.675	6.750
19.475	6.600
19.275	6.700
19.025	6.700
18.925	6.650
18.825	6.700
18.575	6.650
17.975	6.900
17.775	6.950
16.825	7.250
16.425	7.250
15.975	7.400
15.375	7.800
15.225	7.800
14.775	7.950
14.575	7.950
POLYLINE BLACK
21.475	5.300
21.425	5.550
21.375	5.650
21.275	5.650
21.175	5.750
21.075	5.750
20.775	5.950
20.675	5.950
20.575	6.050
20.375	6.100
19.875	6.250
19.725	6.350
19.525	6.350
19.275	6.450
POLYLINE BLACK
20.725	4.450
20.775	4.650
21.175	5.250
21.325	5.450
POLYLINE BLACK
20.125	1.350
20.225	1.750
20.325	2.200
20.325	2.350
20.375	2.550
20.325	2.750
20.175	2.950
20.175	3.250
20.425	3.950
20.575	4.200
20.775	4.250
POLYLINE BLACK
17.975	-0.700
18.575	-0.150
19.025	0.150
19.375	0.550
19.375	0.650
19.675	1.150
19.725	1.350
19.825	1.400
POLYLINE BLACK
14.225	-2.300
14.825	-2.000
15.075	-2.050
15.275	-2.000
15.675	-2.000
15.775	-1.950
15.875	-2.000
16.125	-1.950
16.325	-1.950
16.525	-2.000
16.725	-1.900
16.975	-1.650
17.775	-0.850
POLYLINE BLACK
11.725	-3.050
11.975	-3.050
12.225	-3.000
12.425	-3.000
12.725	-2.850
13.075	-2.900
13.175	-2.800
13.675	-2.700
14.175	-2.300
14.275	-2.350
14.375	-2.300
POLYLINE BLACK
9.425	-2.600
9.475	-2.700
9.675	-2.750
10.075	-2.650
10.275	-2.700
10.575	-2.850
10.775	-2.750
11.075	-2.850
11.175	-2.800
11.675	-3.200
POLYLINE BLACK
7.275	-1.050
7.725	-1.150
7.825	-1.250
8.025	-1.300
8.225	-1.350
8.525	-1.850
8.525	-2.100
8.675	-2.400
8.975	-2.550
9.225	-2.550
POLYLINE BLACK
3.475	-0.450
4.125	-0.450
4.575	-0.600
4.775	-0.600
5.225	-0.700
5.425	-0.750
5.625	-0.700
5.825	-0.750
6.275	-0.750
6.575	-0.850
6.975	-0.900
7.075	-0.900
7.175	-1.000
POLYLINE BLACK
-12.725	2.800
-12.575	2.800
-12.275	2.875
-11.975	2.875
-11.525	2.650
-11.375	2.650
-10.400	1.825
-10.250	1.825
-9.950	1.675
-9.800	1.750
-9.500	1.600
-8.750	1.825
-8.300	1.975
-7.850	2.350
-7.700	2.350
-7.550	2.425
-7.025	2.275
-6.725	1.825
-6.200	1.075
-6.125	0.850
-5.975	0.775
-5.750	0.475
-5.750	0.325
-5.450	-0.350
-5.225	-0.650
-4.775	-1.025
-4.400	-1.625
-4.400	-1.775
-4.325	-1.925
-4.325	-2.450
-4.250	-2.750
-4.250	-4.850
-4.325	-5.000
-4.325	-5.375
-4.700	-6.125
-4.925	-6.425
-4.925	-6.575
-5.075	-7.100
-5.225	-7.250
-5.225	-7.400
-5.825	-8.600
-6.275	-9.200
-6.875	-9.575
-7.025	-9.575
-7.325	-9.725
-7.475	-9.725
-7.775	-9.875
-8.075	-9.800
-8.375	-9.875
-8.525	-9.875
-9.200	-9.500
-9.650	-8.825
-10.025	-8.225
-10.175	-7.550
-10.175	-7.025
-10.100	-6.725
-10.100	-5.600
-10.325	-4.625
-10.400	-4.250
-10.775	-3.200
-11.300	-1.925
-11.300	-1.700
-11.750	-0.425
-12.275	0.775
-12.425	1.675
-12.500	2.350
-12.350	2.950
-12.350	3.175
POLYLINE CONNECT
-9.350	-7.700
2.713	0.825
POLYLINE BLACK
6.550	11.150
6.650	11.050
7.050	11.000
7.200	11.000
7.300	10.950
7.500	10.950
7.600	10.900
7.700	10.950
8.050	10.900
8.200	10.900
8.300	10.850
8.750	10.950
8.950	11.000
9.200	11.050
POLYLINE BLACK
0.150	10.050
0.675	10.050
0.975	9.900
1.575	9.900
2.100	10.050
2.250	9.975
2.550	10.050
3.000	10.050
3.300	10.125
3.600	10.050
3.975	10.050
4.800	10.350
5.100	10.500
5.250	10.500
5.775	10.800
6.075	10.725
6.450	10.725
6.750	10.950
POLYLINE BLACK
-6.825	12.675
-6.600	12.525
-6.300	12.675
-5.925	12.675
-5.775	12.750
-5.400	12.675
-4.950	12.300
-4.425	11.700
-4.275	11.700
-4.125	11.550
-3.975	11.550
-3.300	11.250
-3.150	11.250
-2.850	11.175
-2.550	11.175
-2.250	10.800
-1.575	10.350
-1.425	10.350
-1.125	10.125
-0.750	10.050
-0.600	10.050
POLYLINE BLACK
-4.350	2.775
-4.500	2.925
-4.500	3.075
-4.575	3.225
-4.500	3.600
-4.575	3.900
-4.575	4.050
-4.500	4.350
-4.575	4.650
-4.650	5.025
-4.950	5.700
-5.250	5.925
-5.325	6.225
-5.325	6.525
-5.250	6.900
-5.250	7.725
-5.400	8.025
-5.475	8.400
-6.075	9.150
-6.375	9.300
-6.600	9.300
-7.200	9.600
POLYLINE BLACK
-2.025	1.200
-2.625	1.725
-2.925	1.875
-3.600	1.875
-3.975	1.950
-4.650	2.100
-4.950	2.250
-5.100	2.625
POLYLINE BLACK
-0.900	-0.975
-0.900	-0.825
-0.825	-0.675
-0.900	-0.300
-0.900	-0.150
-1.350	0.600
-2.100	1.050
-2.250	1.050
POLYLINE BLACK
1.275	-0.600
1.125	-0.750
0.975	-0.675
0.750	-0.975
POLYLINE BLACK
0.900	-0.525
1.575	-0.525
2.175	-0.375
2.475	-0.375
2.775	-0.450
2.925	-0.450
3.225	-0.375
3.525	-0.375
3.750	-0.225
4.350	-0.225
4.425	-0.075
