TRIP
DATE 2005-07-09 
DECLINATION     0.00
DATA
5.27	6.0	0.00	0.00	0.000	>
6.0	6.1	37.07	25.59	1.495	>
6.1	6.2	0.62	47.48	2.038	>
6.2	6.3	273.95	-10.08	1.726	>
6.3		58.82	27.74	3.435	>
6.3		103.23	20.75	2.515	>
6.3		140.44	14.88	2.216	>
6.3		170.47	29.37	3.748	>
6.3		85.89	43.14	4.173	>
6.3		105.01	-68.11	0.611	>
6.3		115.82	75.71	1.256	>
6.3		29.83	1.16	3.157	>
6.3	6.4	33.64	-15.45	4.945	>
6.4	6.5	15.48	5.96	2.551	>
6.5	6.6	28.59	11.93	2.661	>
6.6	6.7	308.44	-27.26	1.260	>
6.7	6.8	250.87	-29.17	1.849	>
6.8	6.9	2.21	-30.74	3.620	>
6.9	6.10	328.49	-43.02	2.748	>
6.10	6.11	35.54	-15.32	2.176	>
6.11		245.84	79.29	0.802	>
6.11		265.29	-82.60	0.663	>
6.11		277.36	22.33	0.692	>
6.11	6.12	16.85	-20.56	4.790	>
6.12		75.66	16.42	1.924	>
6.12		75.58	16.52	1.931	>
6.12		47.60	18.95	1.518	>
6.12		67.87	34.45	1.831	>
6.12		64.92	-0.22	1.845	>
6.12		157.81	16.88	1.605	>
6.12		312.99	-18.70	0.661	>
6.12		238.03	-14.16	6.615	>
6.12		247.42	-13.65	7.223	>
6.12		255.73	-14.08	6.269	>
6.12		278.24	-29.54	5.679	>
6.12		306.98	-37.03	5.817	>
6.12		183.42	-82.26	2.240	>
6.12		188.46	-33.05	1.209	>
6.12		198.43	-1.35	2.373	>
6.12	6.13	68.76	28.34	4.283	>
6.13		226.80	80.14	0.657	>
6.13		72.90	-77.36	1.119	>
6.13		151.35	5.53	0.903	>
6.13		324.67	-2.88	0.358	>
6.13	6.14	63.19	-2.12	2.973	>
6.14		237.76	65.69	2.582	>
6.14		233.56	33.48	2.750	>
6.14		311.83	28.11	1.144	>
6.14		163.40	15.76	1.458	>
6.14		236.41	-51.28	0.737	>
6.14	6.15	73.96	-5.39	10.324	>
6.15	6.16	248.14	-25.94	7.592	<
6.15		236.75	5.62	7.218	<
6.15		227.54	8.20	5.294	<
6.15		203.48	1.48	3.706	<
6.15		264.47	-3.60	9.126	<
6.15		281.79	10.60	5.451	<
6.15		269.59	8.04	2.797	<
6.15		258.79	48.73	4.501	<
6.15		255.65	22.93	6.680	<
6.15		256.81	10.77	8.544	<
6.15		246.58	-64.81	4.457	<
6.15		245.60	-35.75	5.119	<
6.15		248.68	-26.11	7.616	<
6.15		222.64	-45.24	7.222	<
6.15		331.23	5.35	3.379	<
6.15		356.49	4.06	3.994	<
6.15		8.89	3.75	4.759	<
6.15		22.41	7.35	7.459	<
6.15		32.73	8.39	9.587	<
6.15		39.51	14.37	13.268	<
6.15		43.26	8.93	8.824	<
6.15		50.29	5.61	6.801	<
6.15		54.89	3.31	10.872	<
6.15		72.40	6.25	5.191	<
6.15		121.55	3.89	2.124	<
6.15		152.42	5.84	2.006	<
6.15		181.83	2.65	2.660	<
6.15		199.88	1.42	3.621	<
6.15		217.07	-2.25	4.413	<
6.15		21.50	52.64	11.547	<
6.15	6.17	182.93	30.22	3.848	<
6.17	6.18	285.16	-1.09	1.262	<
6.18	6.19	71.93	40.24	7.623	<
6.17	6.20	164.67	-2.94	2.264	>
6.20		250.28	31.66	2.789	>
6.20		171.52	-51.65	1.442	>
6.20		346.55	-0.36	2.214	>
6.20	6.21	166.02	-73.74	2.749	>
6.21		233.35	-37.94	4.312	>
6.12	6.22	280.97	-18.48	1.884	>
6.22	6.23	26.11	-82.82	10.909	>

PLAN
STATIONS
0.000	0.000	5.27
0.000	0.000	6.0
0.813	1.076	6.1
0.828	2.453	6.2
-0.867	2.570	6.3
1.773	6.538	6.4
2.450	8.983	6.5
3.696	11.269	6.6
2.819	11.965	6.7
1.294	11.436	6.8
1.414	14.545	6.9
0.364	16.258	6.10
1.584	17.966	6.11
2.884	22.258	6.12
6.398	23.624	6.13
9.050	24.964	6.14
18.928	27.804	6.15
12.592	25.262	6.16
18.758	24.483	6.17
17.540	24.813	6.18
23.072	26.618	6.19
19.356	22.302	6.20
19.542	21.555	6.21
1.130	22.598	6.22
1.730	23.822	6.23
SHOTS
1.130	22.598	1.730	23.822
2.884	22.258	1.130	22.598
19.356	22.302	19.542	21.555
19.542	21.555	16.814	19.525
18.758	24.483	19.356	22.302
19.356	22.302	17.121	21.501
19.356	22.302	19.488	21.417
19.356	22.302	18.841	24.455
17.540	24.813	23.072	26.618
18.758	24.483	17.540	24.813
18.928	27.804	18.758	24.483
18.928	27.804	12.592	25.262
9.050	24.964	18.928	27.804
18.928	27.804	12.921	23.865
18.928	27.804	15.062	24.267
18.928	27.804	17.452	24.406
18.928	27.804	9.862	26.926
18.928	27.804	13.683	28.899
18.928	27.804	16.159	27.784
18.928	27.804	16.016	27.227
18.928	27.804	12.968	26.279
18.928	27.804	10.756	25.889
18.928	27.804	17.187	27.050
18.928	27.804	15.145	26.088
18.928	27.804	12.557	25.318
18.928	27.804	15.483	24.063
18.928	27.804	17.309	30.753
18.928	27.804	18.684	31.780
18.928	27.804	19.662	32.496
18.928	27.804	21.748	34.643
18.928	27.804	24.056	35.783
18.928	27.804	27.105	37.721
18.928	27.804	24.902	34.152
18.928	27.804	24.135	32.128
18.928	27.804	27.807	34.046
18.928	27.804	23.847	29.364
18.928	27.804	20.734	26.695
18.928	27.804	19.852	26.035
18.928	27.804	18.843	25.148
18.928	27.804	17.697	24.400
18.928	27.804	16.270	24.286
18.928	27.804	21.496	34.324
6.398	23.624	9.050	24.964
9.050	24.964	8.151	24.397
9.050	24.964	7.205	23.602
9.050	24.964	8.298	25.637
9.050	24.964	9.451	23.619
9.050	24.964	8.666	24.709
2.884	22.258	6.398	23.624
6.398	23.624	6.316	23.547
6.398	23.624	6.632	23.696
6.398	23.624	6.829	22.835
6.398	23.624	6.191	23.916
1.584	17.966	2.884	22.258
2.884	22.258	4.672	22.715
2.884	22.258	4.677	22.719
2.884	22.258	3.944	23.226
2.884	22.258	4.283	22.827
2.884	22.258	4.555	23.040
2.884	22.258	3.464	20.836
2.884	22.258	2.426	22.685
2.884	22.258	-2.557	18.862
2.884	22.258	-3.597	19.563
2.884	22.258	-3.009	20.759
2.884	22.258	-2.006	22.966
2.884	22.258	-0.826	25.052
2.884	22.258	2.866	21.957
2.884	22.258	2.735	21.256
2.884	22.258	2.134	20.007
0.364	16.258	1.584	17.966
1.584	17.966	1.448	17.905
1.584	17.966	1.499	17.959
1.584	17.966	0.949	18.048
1.414	14.545	0.364	16.258
1.294	11.436	1.414	14.545
2.819	11.965	1.294	11.436
3.696	11.269	2.819	11.965
2.450	8.983	3.696	11.269
1.773	6.538	2.450	8.983
-0.867	2.570	1.773	6.538
0.828	2.453	-0.867	2.570
-0.867	2.570	1.734	4.144
-0.867	2.570	1.422	2.032
-0.867	2.570	0.497	0.919
-0.867	2.570	-0.326	-0.651
-0.867	2.570	2.170	2.788
-0.867	2.570	-0.647	2.511
-0.867	2.570	-0.588	2.435
-0.867	2.570	0.703	5.308
0.813	1.076	0.828	2.453
0.000	0.000	0.813	1.076
0.000	0.000	0.000	0.000
POLYLINE BLACK
17.949	18.683
POLYLINE BLACK
18.564	18.863
18.489	18.833
18.459	18.773
18.324	18.683
18.234	18.638
18.204	18.593
18.099	18.593
17.994	18.623
POLYLINE BLACK
18.819	19.148
18.774	19.088
18.729	19.073
18.699	19.043
18.669	18.968
POLYLINE BLACK
18.924	19.493
18.909	19.463
18.909	19.358
18.894	19.283
POLYLINE BLACK
18.909	20.108
18.894	20.048
18.894	19.958
POLYLINE BLACK
18.744	20.603
18.744	20.528
18.774	20.423
POLYLINE BLACK
18.534	20.768
POLYLINE BLACK
18.684	20.588
POLYLINE BLACK
18.789	19.808
18.789	19.853
POLYLINE BLACK
18.789	19.448
18.759	19.478
POLYLINE BLACK
18.759	19.283
POLYLINE BLACK
18.504	18.848
POLYLINE BLACK
18.264	18.713
POLYLINE BLACK
17.949	18.713
17.979	18.713
POLYLINE BLACK
17.829	18.758
POLYLINE BLACK
17.574	18.803
17.589	18.773
POLYLINE BLACK
17.319	18.878
17.349	18.863
17.364	18.833
POLYLINE BLACK
17.079	19.013
17.139	18.983
POLYLINE BLACK
16.809	19.178
16.839	19.103
16.869	19.073
POLYLINE BLACK
16.644	19.403
16.644	19.373
16.674	19.328
POLYLINE BLACK
16.659	19.988
16.629	19.928
16.629	19.898
16.644	19.868
16.644	19.793
16.659	19.748
16.614	19.658
16.614	19.628
16.644	19.523
POLYLINE BLACK
16.764	20.363
16.734	20.318
16.734	20.288
16.719	20.258
16.719	20.213
POLYLINE BLACK
16.824	20.588
16.794	20.573
16.764	20.528
16.764	20.468
POLYLINE BLACK
16.899	20.678
POLYLINE BLACK
17.109	20.858
17.094	20.828
POLYLINE BLACK
17.304	20.903
17.274	20.888
POLYLINE BLACK
17.469	20.888
POLYLINE BLACK
18.009	20.933
17.964	20.933
17.934	20.918
POLYLINE BLACK
18.279	20.888
18.249	20.858
POLYLINE BLACK
18.264	20.933
POLYLINE BLACK
18.159	20.873
POLYLINE BLACK
18.264	20.813
POLYLINE BLACK
18.369	20.813
POLYLINE BLACK
19.749	24.968
19.749	24.848
19.719	24.698
19.719	24.458
19.749	24.338
19.779	24.098
19.779	23.978
19.809	23.828
19.779	23.768
19.809	23.648
19.839	23.408
19.779	23.138
19.689	23.018
19.659	22.778
19.749	22.568
20.019	22.268
20.109	22.058
POLYLINE BLACK
16.959	21.488
17.259	21.338
17.319	21.338
17.379	21.278
17.619	21.218
17.679	21.098
17.979	20.978
18.039	21.008
18.159	20.978
18.279	21.008
18.399	20.978
18.639	20.918
18.939	20.678
18.999	20.678
19.179	20.558
19.299	20.558
19.419	20.528
19.539	20.528
19.599	20.588
19.839	20.648
19.899	20.618
20.109	21.008
20.139	21.128
20.199	21.398
20.199	21.578
20.169	21.698
20.139	21.818
19.929	22.238
POLYLINE BLACK
18.369	24.128
18.429	23.918
18.309	23.438
18.309	23.318
18.219	23.108
17.979	22.808
17.859	22.628
17.439	22.178
17.379	22.058
16.989	21.668
16.899	21.488
16.899	21.368
POLYLINE BLACK
21.639	26.428
21.719	26.488
21.859	26.488
22.019	26.588
22.059	26.568
22.239	26.648
22.319	26.668
22.399	26.728
22.499	26.728
22.539	26.768
22.659	26.768
22.779	26.848
POLYLINE BLACK
21.119	25.488
21.199	25.508
21.299	25.548
21.419	25.548
21.499	25.588
21.559	25.588
21.599	25.608
21.779	25.588
21.999	25.648
22.279	25.708
22.599	25.748
22.899	25.848
23.099	25.868
23.219	25.908
POLYLINE BLACK
20.879	25.448
20.959	25.468
POLYLINE BLACK
20.579	25.328
20.619	25.348
POLYLINE BLACK
20.319	25.228
POLYLINE BLACK
20.039	25.128
POLYLINE BLACK
21.039	26.268
21.119	26.328
21.279	26.328
21.319	26.368
21.399	26.388
21.639	26.488
21.759	26.508
21.859	26.488
21.939	26.488
21.979	26.468
22.139	26.508
22.179	26.508
POLYLINE BLACK
20.739	26.248
20.819	26.248
POLYLINE BLACK
20.459	26.148
POLYLINE BLACK
20.259	26.108
POLYLINE BLACK
19.999	26.028
POLYLINE BLACK
17.199	24.358
17.439	24.418
17.589	24.388
17.739	24.388
17.889	24.358
17.949	24.358
18.279	24.178
18.459	24.058
POLYLINE BLACK
19.959	25.918
19.899	25.918
19.659	25.648
19.569	25.378
19.569	24.958
19.629	24.658
POLYLINE BLACK
17.019	24.328
17.079	24.358
17.199	24.328
17.559	24.328
18.099	24.178
18.339	24.028
18.429	23.908
POLYLINE BLACK
19.779	25.798
19.599	25.678
19.599	25.558
19.539	25.348
19.539	25.048
19.509	24.988
POLYLINE BLACK
8.239	55.458
POLYLINE BLACK
21.949	34.988
21.949	34.928
21.889	34.778
21.859	34.478
21.769	34.088
21.769	33.938
21.769	33.938
21.979	34.988
21.979	34.988
21.889	34.298
21.859	34.058
POLYLINE BLACK
21.529	34.328
21.469	34.328
21.619	34.268
21.739	34.268
21.589	34.238
21.529	34.238
21.859	34.238
21.469	34.358
21.349	34.328
21.499	34.358
22.309	34.358
22.429	34.388
22.219	34.388
21.649	34.478
21.379	34.448
22.099	34.298
22.159	34.328
POLYLINE BLACK
27.469	37.628
27.589	37.598
27.649	37.388
27.679	37.268
27.679	37.028
27.799	36.548
27.799	36.428
28.069	35.618
28.069	35.468
28.129	35.168
28.159	34.928
28.159	34.658
28.129	34.508
28.099	34.238
28.069	34.118
POLYLINE BLACK
26.659	37.388
26.749	37.538
27.139	37.808
27.199	37.838
27.319	37.778
27.469	37.448
27.499	37.328
POLYLINE BLACK
18.289	24.698
18.049	24.608
17.959	24.518
POLYLINE BLACK
23.869	29.288
23.689	29.168
23.299	28.898
23.179	28.778
22.819	28.478
22.429	28.208
21.919	27.758
21.769	27.668
21.169	27.188
20.929	27.038
20.569	26.588
20.509	26.588
20.209	26.318
19.999	26.138
19.729	25.928
19.009	25.208
18.649	24.938
18.349	24.848
18.109	24.728
POLYLINE BLACK
27.679	34.178
27.739	34.178
27.739	34.058
27.529	33.638
27.199	33.188
26.539	32.528
26.389	32.438
25.879	31.898
25.159	30.998
25.099	30.848
24.829	30.578
24.469	30.158
24.199	29.798
24.109	29.648
24.109	29.588
23.989	29.288
23.899	29.168
POLYLINE BLACK
23.509	35.588
23.629	35.618
23.809	35.678
23.899	35.648
24.199	35.738
24.259	35.738
24.679	35.918
25.369	36.368
25.759	36.698
26.239	36.968
26.569	37.208
26.689	37.328
POLYLINE BLACK
23.539	35.828
23.689	35.828
23.749	35.798
23.929	35.888
24.049	35.858
24.169	35.888
24.259	35.888
24.439	35.978
24.499	35.978
24.559	36.038
24.619	36.038
24.739	36.128
POLYLINE BLACK
20.359	33.488
20.419	33.488
20.719	33.638
21.019	33.968
21.379	34.478
21.649	34.598
22.039	34.868
22.159	34.898
22.429	35.078
22.459	35.138
22.549	35.168
22.759	35.378
22.969	35.498
23.179	35.558
POLYLINE BLACK
13.579	28.898
13.729	28.898
13.969	28.958
14.419	29.198
14.479	29.198
14.989	29.498
15.079	29.498
15.289	29.618
15.379	29.618
15.709	29.768
15.769	29.768
15.949	29.918
16.339	30.188
16.789	30.638
16.909	30.668
17.089	30.728
17.209	30.758
17.419	30.878
17.539	30.908
18.139	31.448
18.379	31.688
18.799	32.048
19.009	32.258
19.459	32.648
19.519	32.678
19.549	32.768
19.609	32.768
20.239	33.338
20.299	33.368
POLYLINE BLACK
15.184	23.093
POLYLINE BLACK
15.364	23.303
15.304	23.243
POLYLINE BLACK
15.694	23.453
15.544	23.363
POLYLINE BLACK
14.794	23.213
POLYLINE BLACK
14.914	23.513
14.884	23.453
POLYLINE BLACK
14.944	23.633
POLYLINE BLACK
15.064	23.933
15.034	23.873
POLYLINE BLACK
15.124	24.293
POLYLINE BLACK
15.604	23.363
15.544	23.303
POLYLINE BLACK
15.754	23.573
POLYLINE BLACK
15.964	23.843
POLYLINE BLACK
16.264	24.173
16.234	24.083
POLYLINE BLACK
16.174	24.023
POLYLINE BLACK
15.274	23.843
15.304	23.783
15.424	23.753
15.544	23.723
15.544	23.663
15.424	23.693
15.214	23.693
15.094	23.633
15.274	23.633
15.634	23.693
15.574	23.753
15.214	23.813
15.544	23.873
15.694	23.873
15.814	23.903
15.664	23.903
15.394	23.993
15.334	23.963
15.694	24.053
15.754	24.083
15.694	24.023
15.154	24.083
15.094	24.083
15.214	24.053
15.574	24.053
15.394	24.023
15.364	24.023
15.634	24.023
POLYLINE BLACK
8.464	25.673
8.734	25.793
8.974	26.003
9.154	26.123
9.274	26.243
9.394	26.273
9.634	26.483
9.784	26.573
9.844	26.633
9.904	26.633
10.144	27.023
10.744	27.383
10.864	27.413
11.074	27.503
11.224	27.593
11.794	27.863
11.854	27.863
11.914	27.923
11.974	27.923
12.274	28.163
12.604	28.403
12.724	28.493
12.784	28.463
12.904	28.523
13.174	28.523
13.354	28.643
13.474	28.673
13.684	28.763
POLYLINE BLACK
9.514	23.603
9.694	23.603
9.844	23.693
9.904	23.753
10.024	23.783
10.264	23.903
10.384	23.843
10.504	23.873
10.684	23.753
10.804	23.783
10.864	23.753
11.254	23.933
11.494	23.933
11.644	23.963
11.824	23.843
11.944	23.843
12.004	23.783
12.244	23.783
12.364	23.753
12.484	23.813
12.634	23.813
12.784	23.843
13.024	23.843
13.144	23.903
13.294	23.903
13.354	23.933
13.474	23.903
13.744	23.993
13.894	23.963
14.134	24.023
14.254	24.053
14.464	24.173
14.524	24.173
14.704	24.293
14.974	24.323
15.184	24.383
15.364	24.323
15.484	24.323
15.544	24.353
15.814	24.293
16.024	24.293
16.174	24.263
16.294	24.293
16.534	24.233
17.014	24.353
17.104	24.353
17.284	24.443
17.434	24.473
17.674	24.533
POLYLINE BLACK
6.804	22.743
6.884	22.723
6.944	22.723
7.064	22.783
7.104	22.783
7.144	22.823
7.224	22.843
7.264	22.883
7.364	22.883
7.444	22.903
7.564	22.843
7.644	22.843
7.684	22.803
7.864	22.863
7.984	22.863
8.024	22.903
8.164	22.883
8.304	22.923
8.344	22.903
8.424	22.923
8.684	22.923
8.724	22.963
8.884	23.003
9.084	23.243
9.164	23.363
9.384	23.583
POLYLINE BLACK
6.144	23.943
6.164	23.983
6.224	23.983
6.624	24.223
6.664	24.263
6.704	24.263
6.764	24.343
6.764	24.403
6.784	24.483
6.984	24.643
7.084	24.783
7.444	25.123
7.524	25.163
7.624	25.263
7.744	25.343
7.844	25.443
8.084	25.583
8.264	25.623
POLYLINE BLACK
4.624	22.583
4.664	22.623
4.764	22.643
4.844	22.683
4.904	22.683
5.084	22.743
5.164	22.743
5.464	22.803
5.544	22.803
5.664	22.763
5.864	22.763
6.044	22.803
6.124	22.823
6.164	22.843
6.404	22.703
6.484	22.723
6.564	22.723
6.704	22.763
6.784	22.763
POLYLINE BLACK
4.024	23.243
4.144	23.243
4.264	23.283
4.324	23.283
4.444	23.343
4.524	23.363
4.704	23.403
4.824	23.483
4.904	23.503
5.024	23.583
5.064	23.563
5.144	23.623
5.224	23.623
5.324	23.643
5.524	23.683
5.684	23.743
5.764	23.803
5.864	23.803
5.944	23.863
6.064	23.883
6.104	23.923
POLYLINE BLACK
-2.826	21.243
-2.856	21.123
-2.946	20.913
-3.216	20.583
-3.276	20.583
-3.336	20.643
POLYLINE BLACK
-2.466	18.753
-2.496	18.813
-2.556	18.783
-2.616	18.813
-2.826	18.753
-2.886	18.693
POLYLINE BLACK
-2.856	21.183
-2.916	21.183
-3.036	21.063
-3.156	20.853
-3.336	20.703
-3.396	20.673
POLYLINE BLACK
-2.406	18.783
-2.646	18.933
-2.796	18.933
-2.916	18.963
-3.036	18.993
-3.096	18.963
POLYLINE BLACK
-1.926	23.013
-1.896	23.133
-1.776	23.433
-1.686	23.553
-1.566	23.913
-1.326	24.513
-1.086	24.813
-0.846	25.053
-0.756	25.173
POLYLINE BLACK
-2.796	21.003
-2.916	21.003
-2.916	20.913
-2.826	21.123
-2.736	21.273
-2.586	21.633
-2.556	21.753
-2.346	22.173
-2.226	22.293
-2.016	22.743
-1.836	23.043
POLYLINE BLACK
-2.976	20.763
-2.976	20.823
-2.556	21.033
POLYLINE BLACK
-2.166	18.483
-2.316	18.723
POLYLINE BLACK
0.114	18.033
0.054	18.003
-0.006	18.033
-0.066	18.003
-0.126	18.063
-0.366	18.033
-0.456	18.033
-0.696	17.943
-0.846	17.973
-1.116	17.913
-1.206	17.913
-1.266	17.883
-1.386	17.913
-1.506	17.913
-1.866	18.063
-2.106	18.303
-2.166	18.453
-2.256	18.573
-2.376	18.783
-2.436	18.843
POLYLINE BLACK
-0.636	17.853
-0.756	17.793
-0.846	17.883
-0.966	17.823
-1.086	17.883
-1.146	17.853
-1.206	17.883
-1.236	18.003
-1.356	18.123
-1.386	18.213
-1.506	18.303
-1.626	18.273
-1.686	18.243
-1.746	18.273
-1.866	18.243
-1.956	18.333
-1.956	18.393
-2.016	18.453
-2.076	18.453
-2.376	18.693
POLYLINE BLACK
1.014	18.003
0.864	18.153
0.504	17.973
0.324	17.973
0.204	17.943
-0.036	17.973
-0.126	17.973
-0.246	17.883
-0.366	17.853
-0.426	17.883
POLYLINE BLACK
2.584	22.733
2.504	22.653
2.424	22.713
2.424	22.793
2.524	22.953
POLYLINE BLACK
3.984	23.273
3.984	23.233
3.924	23.233
3.884	23.193
3.844	23.193
3.824	23.153
3.664	23.113
3.544	23.053
3.444	23.053
3.324	22.973
3.204	22.853
3.124	22.833
3.024	22.733
2.944	22.713
2.784	22.653
2.744	22.673
2.704	22.633
2.624	22.653
2.544	22.633
2.484	22.693
POLYLINE BLACK
3.404	20.913
3.424	21.013
3.464	21.173
3.584	21.453
3.804	21.733
3.884	21.873
3.944	21.953
4.024	22.093
4.104	22.173
4.144	22.273
4.584	22.693
4.624	22.713
POLYLINE BLACK
1.704	17.613
1.784	17.693
1.884	17.893
1.884	17.953
1.984	18.113
2.084	18.233
2.224	18.393
2.264	18.393
2.644	19.173
2.684	19.213
2.704	19.393
2.724	19.473
2.784	19.653
2.844	19.793
2.944	19.913
2.964	20.013
3.004	20.053
3.024	20.153
3.124	20.433
3.144	20.513
3.204	20.633
3.224	20.733
3.364	20.893
3.464	20.933
POLYLINE BLACK
-0.291	15.838
-0.291	15.868
-0.276	15.928
-0.216	16.033
-0.216	16.138
-0.201	16.198
-0.201	16.228
-0.141	16.348
0.069	16.588
0.129	16.723
0.189	16.783
0.204	16.828
0.249	16.888
0.279	16.903
0.339	17.008
0.399	17.053
0.504	17.248
0.669	17.473
0.684	17.503
0.684	17.548
0.729	17.638
0.729	17.683
0.879	17.893
0.909	17.908
0.924	17.953
0.954	17.968
0.954	17.998
0.969	18.028
POLYLINE BLACK
1.689	17.833
1.644	17.893
1.644	17.923
POLYLINE BLACK
2.694	16.348
2.664	16.348
2.544	16.273
2.514	16.243
2.469	16.228
2.439	16.183
2.394	16.168
2.304	16.093
2.259	16.078
2.169	15.988
2.139	15.988
1.929	15.883
1.899	15.853
1.869	15.853
1.764	15.808
1.734	15.808
1.719	15.868
1.719	15.898
1.794	16.018
1.944	16.153
2.109	16.273
2.184	16.348
2.214	16.423
2.199	16.453
2.019	16.483
1.899	16.483
1.779	16.453
1.719	16.453
1.674	16.423
1.644	16.423
1.584	16.378
1.554	16.378
1.434	16.318
1.404	16.318
1.254	16.273
1.224	16.273
1.164	16.288
1.119	16.288
0.984	16.318
0.909	16.303
0.819	16.333
0.819	16.363
0.924	16.498
0.954	16.498
1.104	16.618
1.194	16.693
1.254	16.783
1.284	16.798
1.314	16.858
1.314	16.888
1.344	16.918
1.359	16.963
1.449	17.083
1.599	17.323
1.674	17.503
1.674	17.533
1.689	17.593
1.689	17.623
1.704	17.683
1.704	17.758
1.719	17.818
1.719	17.968
1.734	17.938
POLYLINE BLACK
3.069	15.868
3.024	15.853
2.829	15.673
2.784	15.658
2.574	15.508
2.454	15.418
2.349	15.388
2.244	15.313
2.214	15.313
2.154	15.283
2.124	15.298
2.094	15.403
2.304	15.598
2.424	15.688
2.544	15.883
2.604	15.973
2.829	16.273
2.874	16.333
POLYLINE BLACK
2.514	15.163
2.589	15.223
2.649	15.298
2.829	15.433
2.859	15.478
3.054	15.643
3.099	15.658
3.159	15.703
3.204	15.703
POLYLINE BLACK
2.799	15.328
POLYLINE BLACK
2.709	15.208
POLYLINE BLACK
2.004	14.338
1.914	14.398
1.824	14.578
1.824	14.608
1.809	14.668
1.824	14.698
1.854	14.698
1.944	14.758
2.124	14.908
2.319	15.013
2.394	15.073
2.499	15.118
2.559	15.118
POLYLINE BLACK
1.119	14.188
1.119	14.218
1.134	14.278
1.134	14.383
1.059	14.503
0.999	14.518
0.969	14.548
0.939	14.548
0.879	14.563
0.834	14.563
0.774	14.548
0.714	14.563
0.579	14.503
0.519	14.503
0.399	14.473
0.339	14.488
0.309	14.488
0.144	14.608
0.069	14.698
0.024	14.833
0.024	14.893
-0.006	15.028
-0.081	15.148
-0.081	15.178
-0.231	15.388
-0.261	15.463
-0.336	15.553
-0.351	15.628
-0.351	15.718
-0.306	15.823
-0.306	15.883
-0.291	15.943
-0.291	15.973
POLYLINE BLACK
2.004	14.038
1.974	14.038
1.929	14.113
1.929	14.143
1.884	14.263
1.884	14.308
POLYLINE BLACK
0.759	13.918
0.819	13.873
0.909	13.948
0.939	13.948
1.059	14.053
1.104	14.128
1.104	14.158
1.134	14.218
POLYLINE BLACK
-0.786	11.218
-0.771	11.248
-0.606	11.368
-0.426	11.443
-0.396	11.473
-0.366	11.473
-0.246	11.548
-0.171	11.563
-0.081	11.608
-0.051	11.608
-0.021	11.653
0.009	11.668
0.069	11.773
0.099	11.833
0.099	11.893
0.084	11.923
0.084	11.968
0.054	12.028
0.054	12.088
0.129	12.253
0.189	12.343
0.204	12.388
0.309	12.538
0.459	12.853
0.474	12.928
0.489	12.988
0.489	13.048
0.504	13.078
0.504	13.123
0.519	13.153
0.519	13.198
0.564	13.363
0.564	13.393
0.594	13.513
0.594	13.543
0.699	13.753
0.729	13.783
0.774	13.918
0.864	13.993
0.879	14.023
POLYLINE BLACK
-0.321	11.188
-0.336	11.218
-0.396	11.218
-0.546	11.173
-0.636	11.128
-0.666	11.128
-0.771	11.083
-0.801	11.083
-0.831	11.053
POLYLINE BLACK
-0.381	10.723
-0.306	10.888
-0.186	11.053
-0.141	11.143
-0.141	11.173
-0.231	11.233
-0.261	11.233
-0.291	11.218
-0.336	11.218
-0.366	11.203
-0.411	11.203
-0.441	11.188
-0.546	11.188
-0.576	11.173
-0.666	11.203
-0.696	11.263
-0.696	11.338
-0.561	11.488
-0.501	11.518
-0.426	11.518
-0.231	11.578
-0.156	11.608
-0.096	11.668
-0.066	11.668
POLYLINE BLACK
-0.381	10.738
POLYLINE BLACK
3.354	12.088
3.234	12.163
3.204	12.163
3.024	12.208
2.994	12.208
2.964	12.223
2.934	12.208
2.874	12.223
2.814	12.208
2.784	12.208
2.754	12.223
2.679	12.208
2.649	12.178
2.619	12.178
2.559	12.208
2.439	12.208
2.334	12.238
2.304	12.238
2.214	12.313
2.214	12.508
2.184	12.568
2.184	12.598
2.124	12.703
2.124	12.793
2.139	12.853
2.139	12.883
2.169	13.003
2.169	13.078
2.154	13.138
2.094	13.228
2.034	13.393
2.034	13.543
1.974	13.783
1.974	13.843
1.959	13.903
1.959	13.948
1.899	14.068
1.899	14.098
POLYLINE BLACK
-0.951	10.168
-0.921	10.168
-0.756	10.273
-0.636	10.348
-0.606	10.378
-0.561	10.393
-0.411	10.573
-0.366	10.663
POLYLINE BLACK
-0.111	10.408
-0.156	10.423
-0.216	10.408
-0.246	10.408
-0.366	10.318
-0.396	10.318
-0.576	10.213
-0.651	10.183
-0.711	10.123
-0.771	10.123
-0.921	10.033
POLYLINE BLACK
-0.456	10.138
-0.321	10.213
-0.231	10.288
-0.186	10.303
-0.156	10.333
-0.126	10.333
-0.096	10.363
POLYLINE BLACK
-0.756	9.898
-0.696	9.988
-0.666	10.003
-0.591	10.108
-0.516	10.153
POLYLINE BLACK
-0.306	9.823
-0.336	9.853
-0.396	9.853
-0.456	9.838
-0.486	9.838
-0.516	9.808
-0.546	9.808
POLYLINE BLACK
0.339	10.093
0.309	10.093
0.249	10.063
0.219	10.063
0.189	10.033
0.159	10.033
0.129	10.018
POLYLINE BLACK
2.154	11.278
2.124	11.278
2.019	11.233
1.989	11.233
1.899	11.173
1.854	11.158
1.734	11.053
1.659	11.038
1.599	11.023
1.569	11.023
1.509	11.008
1.479	11.008
1.314	10.873
1.284	10.843
1.269	10.798
1.059	10.618
0.939	10.513
0.909	10.513
0.819	10.408
0.789	10.393
0.744	10.333
0.429	10.138
0.399	10.108
POLYLINE BLACK
2.904	11.338
2.874	11.368
2.799	11.383
2.739	11.368
2.679	11.368
2.649	11.353
2.544	11.353
2.484	11.323
2.424	11.323
2.394	11.308
2.349	11.308
2.319	11.323
2.259	11.308
2.229	11.278
2.199	11.278
2.169	11.248
2.139	11.248
2.079	11.203
2.049	11.203
POLYLINE BLACK
3.249	11.143
3.219	11.143
3.129	11.263
3.099	11.278
3.084	11.308
2.934	11.398
2.874	11.383
2.814	11.383
2.724	11.353
2.694	11.368
POLYLINE BLACK
4.299	11.878
4.269	11.893
4.209	11.878
4.179	11.878
4.089	11.923
4.059	11.923
3.909	11.998
3.849	11.998
3.744	12.028
3.684	12.013
3.654	12.013
3.624	12.028
3.594	12.013
3.534	12.043
3.504	12.043
3.474	12.073
3.309	12.103
3.174	12.103
3.144	12.118
POLYLINE BLACK
2.394	9.118
2.409	9.193
2.439	9.208
2.499	9.298
2.499	9.328
2.529	9.358
2.529	9.388
2.589	9.538
2.634	9.628
2.634	9.658
2.694	9.823
2.769	9.943
2.829	10.108
2.829	10.138
2.874	10.273
2.874	10.333
2.904	10.393
2.904	10.423
2.949	10.513
2.964	10.618
2.994	10.648
2.994	10.678
3.084	10.843
3.159	10.933
3.159	10.963
3.279	11.143
3.279	11.113
POLYLINE BLACK
4.944	11.518
4.944	11.578
4.929	11.638
4.899	11.653
4.869	11.623
4.824	11.608
4.839	11.638
4.809	11.668
4.719	11.668
4.629	11.713
4.569	11.713
4.539	11.728
4.509	11.713
4.479	11.743
4.479	11.788
4.464	11.818
4.359	11.848
4.329	11.833
4.239	11.878
POLYLINE BLACK
4.794	11.398
4.824	11.413
POLYLINE BLACK
4.734	11.383
POLYLINE BLACK
4.584	11.218
POLYLINE BLACK
4.344	11.233
4.419	11.233
4.449	11.218
POLYLINE BLACK
4.179	11.218
POLYLINE BLACK
3.939	10.903
3.939	11.158
3.954	11.218
3.999	11.278
4.029	11.278
4.089	11.233
POLYLINE BLACK
2.979	9.058
2.949	9.088
2.964	9.118
2.964	9.223
3.054	9.373
3.054	9.403
3.129	9.493
3.249	9.643
3.309	9.688
3.429	9.853
3.444	9.898
3.504	9.943
3.624	10.198
3.699	10.318
3.729	10.378
3.729	10.408
3.789	10.543
3.789	10.648
3.849	10.768
3.909	10.858
3.909	10.918
3.939	10.978
POLYLINE BLACK
4.674	10.438
4.614	10.378
4.614	10.348
4.584	10.318
4.524	10.153
4.494	10.093
4.494	10.063
4.419	9.973
4.389	9.958
4.314	9.958
4.254	9.928
4.224	9.928
4.104	9.883
4.014	9.808
3.894	9.703
3.879	9.658
3.699	9.493
3.564	9.418
3.444	9.343
3.399	9.283
3.249	9.163
3.159	9.103
3.114	9.088
3.069	9.028
3.009	9.013
2.979	9.013
2.949	8.983
POLYLINE BLACK
1.899	6.283
1.914	6.313
1.914	6.358
1.959	6.508
1.959	6.538
2.004	6.643
2.004	6.673
2.034	6.733
2.034	6.778
2.109	6.898
2.154	6.958
2.154	6.988
2.244	7.138
2.289	7.243
2.334	7.303
2.334	7.333
2.409	7.453
2.424	7.513
2.454	7.543
2.499	7.648
2.529	7.678
2.544	7.723
2.574	7.738
2.619	7.828
2.649	7.843
2.649	7.873
2.679	7.873
2.739	7.903
2.769	7.948
2.859	8.023
2.919	8.113
2.919	8.143
3.009	8.218
3.024	8.248
3.054	8.248
3.204	8.368
3.234	8.398
3.264	8.398
3.309	8.458
3.444	8.548
3.474	8.548
3.489	8.593
3.609	8.683
3.714	8.818
3.729	8.863
3.804	8.953
3.879	8.983
3.999	9.073
4.059	9.088
4.149	9.193
4.209	9.223
4.284	9.328
4.359	9.448
4.389	9.523
4.434	9.553
4.449	9.583
4.479	9.598
4.569	9.763
4.659	9.883
4.659	9.913
4.749	10.108
4.779	10.138
4.779	10.168
4.809	10.213
4.809	10.243
4.749	10.333
4.749	10.363
POLYLINE BLACK
1.314	6.508
1.374	6.628
1.374	6.658
1.419	6.733
1.419	6.763
1.479	6.883
1.479	6.913
1.509	7.003
1.539	7.033
1.539	7.063
1.569	7.123
1.569	7.168
1.599	7.198
1.599	7.228
1.614	7.288
1.614	7.318
1.674	7.453
1.674	7.483
1.884	7.918
1.974	8.038
2.049	8.233
2.049	8.278
2.094	8.368
2.094	8.413
2.109	8.473
2.109	8.503
2.169	8.638
2.169	8.668
2.184	8.728
2.229	8.788
2.229	8.818
2.379	9.028
2.454	9.118
POLYLINE BLACK
1.986	6.475
1.956	6.505
1.956	6.535
1.926	6.565
1.926	6.595
1.836	6.640
1.836	6.640
POLYLINE BLACK
0.216	5.440
0.351	5.455
0.381	5.455
0.576	5.560
0.696	5.665
0.726	5.680
0.771	5.740
0.801	5.755
0.846	5.830
0.936	5.905
0.981	5.995
0.981	6.025
1.041	6.115
1.116	6.205
1.176	6.250
1.236	6.340
1.236	6.370
1.266	6.370
1.281	6.400
1.311	6.400
1.341	6.415
1.386	6.505
POLYLINE BLACK
-0.129	5.080
-0.069	5.125
-0.054	5.170
0.081	5.350
0.111	5.350
0.141	5.380
0.171	5.380
0.231	5.365
0.261	5.365
0.291	5.350
0.351	5.365
0.411	5.350
0.471	5.350
0.516	5.365
POLYLINE BLACK
1.251	5.065
1.251	5.170
1.296	5.305
1.341	5.380
1.341	5.410
1.416	5.530
1.551	5.770
1.641	5.890
1.791	6.115
1.836	6.220
1.866	6.250
1.866	6.280
1.911	6.385
1.911	6.415
1.926	6.445
1.926	6.550
POLYLINE BLACK
1.401	4.840
1.341	4.825
1.281	4.855
1.251	4.855
1.191	4.900
1.191	4.930
1.161	4.990
1.161	5.065
1.221	5.230
POLYLINE BLACK
-0.159	4.915
-0.069	5.035
-0.039	5.215
0.021	5.245
POLYLINE BLACK
1.521	4.465
1.401	4.645
1.311	4.765
1.101	4.885
1.011	4.975
POLYLINE BLACK
-0.609	3.505
-0.519	3.745
-0.519	3.805
-0.429	3.925
-0.429	3.985
-0.279	4.225
-0.279	4.525
-0.189	4.795
-0.009	5.305
-0.009	5.365
POLYLINE BLACK
1.221	1.465
1.281	1.645
1.611	2.155
1.791	2.305
1.821	2.395
1.911	2.485
2.121	2.785
2.121	2.875
2.151	2.995
2.151	3.295
1.971	3.745
1.611	4.225
1.521	4.465
1.281	4.795
1.071	4.975
POLYLINE BLACK
-0.909	-0.275
-0.849	-0.275
-0.579	-0.545
-0.489	-0.635
-0.279	-0.635
-0.129	-0.485
-0.009	-0.215
POLYLINE BLACK
-0.879	2.695
-0.819	3.025
-0.789	3.145
-0.729	3.355
-0.669	3.415
-0.669	3.475
-0.429	3.805
POLYLINE BLACK
-0.999	2.425
-1.059	2.245
-1.089	1.975
-1.089	1.795
-1.059	1.645
-1.059	1.495
-1.029	1.375
-1.029	1.165
-0.999	1.045
-0.999	0.925
-0.969	0.715
-0.969	0.595
-0.939	0.475
-0.909	0.205
-0.669	-0.365
-0.609	-0.425

ELEVATION
STATIONS
0.000	0.000	5.27
0.000	0.000	6.0
1.349	0.646	6.1
2.726	2.148	6.2
4.425	1.846	6.3
9.191	0.529	6.4
11.729	0.794	6.5
14.332	1.344	6.6
15.451	0.767	6.7
17.065	-0.134	6.8
20.176	-1.984	6.9
22.185	-3.859	6.10
24.284	-4.434	6.11
28.768	-6.116	6.12
32.538	-4.083	6.13
35.509	-4.193	6.14
45.787	-5.162	6.15
38.960	-8.483	6.16
42.462	-3.225	6.17
41.200	-3.249	6.18
35.381	1.676	6.19
44.723	-3.341	6.20
45.493	-5.980	6.21
30.555	-6.713	6.22
31.918	-17.536	6.23
23.281	0.207	6.11
SHOTS
30.555	-6.713	31.918	-17.536
28.768	-6.116	30.555	-6.713
44.723	-3.341	45.493	-5.980
45.493	-5.980	46.833	-8.631
42.462	-3.225	44.723	-3.341
44.723	-3.341	44.947	-1.877
44.723	-3.341	45.614	-4.472
44.723	-3.341	42.510	-3.355
41.200	-3.249	35.381	1.676
42.462	-3.225	41.200	-3.249
45.787	-5.162	42.462	-3.225
45.787	-5.162	38.960	-8.483
35.509	-4.193	45.787	-5.162
45.787	-5.162	38.926	-4.455
45.787	-5.162	41.094	-4.407
45.787	-5.162	43.429	-5.066
45.787	-5.162	36.831	-5.735
45.787	-5.162	41.048	-4.159
45.787	-5.162	43.120	-4.771
45.787	-5.162	42.828	-1.779
45.787	-5.162	39.637	-2.560
45.787	-5.162	37.404	-3.566
45.787	-5.162	43.905	-9.195
45.787	-5.162	41.677	-8.153
45.787	-5.162	38.977	-8.514
45.787	-5.162	41.442	-10.290
45.787	-5.162	45.045	-4.847
45.787	-5.162	46.650	-4.879
45.787	-5.162	47.788	-4.851
45.787	-5.162	50.385	-4.208
45.787	-5.162	52.919	-3.763
45.787	-5.162	56.384	-1.870
45.787	-5.162	53.282	-3.792
45.787	-5.162	51.985	-4.497
45.787	-5.162	56.045	-4.534
45.787	-5.162	50.945	-4.597
45.787	-5.162	47.216	-5.018
45.787	-5.162	46.186	-4.958
45.787	-5.162	44.971	-5.039
45.787	-5.162	43.663	-5.072
45.787	-5.162	42.260	-5.335
45.787	-5.162	50.056	4.016
32.538	-4.083	35.509	-4.193
35.509	-4.193	34.450	-1.840
35.509	-4.193	33.247	-2.676
35.509	-4.193	35.089	-3.654
35.509	-4.193	35.378	-3.797
35.509	-4.193	35.051	-4.768
28.768	-6.116	32.538	-4.083
32.538	-4.083	32.434	-3.436
32.538	-4.083	32.779	-5.175
32.538	-4.083	32.605	-3.996
32.538	-4.083	32.465	-4.101
24.284	-4.434	28.768	-6.116
28.768	-6.116	30.600	-5.572
28.768	-6.116	30.605	-5.567
28.768	-6.116	30.107	-5.623
28.768	-6.116	30.277	-5.080
28.768	-6.116	30.609	-6.123
28.768	-6.116	27.727	-5.650
28.768	-6.116	28.770	-6.328
28.768	-6.116	23.493	-7.734
28.768	-6.116	23.330	-7.821
28.768	-6.116	24.419	-7.641
28.768	-6.116	26.382	-8.916
28.768	-6.116	28.371	-9.619
28.768	-6.116	28.474	-8.336
28.768	-6.116	27.765	-6.775
28.768	-6.116	26.395	-6.172
22.185	-3.859	24.284	-4.434
24.284	-4.434	24.155	-3.646
24.284	-4.434	24.232	-5.091
24.284	-4.434	24.041	-4.171
20.176	-1.984	22.185	-3.859
17.065	-0.134	20.176	-1.984
15.451	0.767	17.065	-0.134
14.332	1.344	15.451	0.767
11.729	0.794	14.332	1.344
9.191	0.529	11.729	0.794
4.425	1.846	9.191	0.529
2.726	2.148	4.425	1.846
4.425	1.846	6.248	3.445
4.425	1.846	2.103	2.737
4.425	1.846	2.944	2.415
4.425	1.846	2.845	3.684
4.425	1.846	1.411	4.699
4.425	1.846	4.201	1.279
4.425	1.846	4.137	3.063
4.425	1.846	7.574	1.910
1.349	0.646	2.726	2.148
0.000	0.000	1.349	0.646
0.000	0.000	0.000	0.000
23.281	0.207	23.206	0.995	
23.281	0.207	23.216	-0.450	
23.281	0.207	22.717	0.470	
POLYLINE BLACK
36.966	-0.128
36.566	0.022
36.366	0.222
36.266	0.222
35.516	1.072
35.416	1.122
POLYLINE BLACK
37.766	1.322
37.666	1.222
37.316	1.222
37.216	1.322
37.016	1.372
36.766	1.672
36.616	1.922
36.316	2.072
36.216	2.072
POLYLINE BLACK
36.516	-0.128
36.466	0.072
35.816	0.722
35.566	0.872
POLYLINE BLACK
39.766	-0.978
39.616	-0.828
39.316	-0.378
39.166	-0.128
38.516	0.522
37.516	1.222
36.766	1.672
POLYLINE BLACK
41.316	-2.028
40.666	-1.428
40.216	-1.178
40.016	-1.178
POLYLINE BLACK
37.816	-1.378
37.716	-1.328
37.666	-1.178
37.366	-0.978
37.066	-0.578
36.866	-0.528
36.616	-0.278
36.416	-0.228
36.116	0.022
35.916	0.122
POLYLINE BLACK
38.216	-1.628
38.116	-1.578
POLYLINE BLACK
38.616	-1.978
38.516	-1.978
POLYLINE BLACK
39.016	-2.328
POLYLINE BLACK
39.366	-2.428
POLYLINE BLACK
39.516	-2.578
POLYLINE BLACK
44.066	-9.328
44.516	-9.278
45.116	-9.178
45.216	-9.228
45.766	-9.228
45.966	-9.178
46.566	-9.278
46.766	-9.278
46.866	-9.228
47.066	-9.228
47.216	-9.278
47.566	-9.278
47.866	-9.328
48.266	-9.328
49.116	-8.878
49.316	-8.828
49.966	-8.528
51.116	-8.528
51.266	-8.578
51.366	-8.528
51.466	-8.578
52.166	-8.428
52.516	-8.478
52.716	-8.428
52.866	-8.428
53.316	-8.228
53.616	-7.878
53.766	-7.628
54.566	-6.878
55.216	-6.478
55.766	-6.028
56.116	-5.478
56.266	-5.128
56.516	-4.678
56.766	-3.778
56.766	-3.478
56.816	-3.228
56.816	-2.578
56.766	-2.378
56.666	-1.728
POLYLINE BLACK
42.666	-1.678
42.716	-1.778
42.966	-1.628
43.466	-1.278
43.866	-0.878
44.366	-0.578
44.466	-0.628
44.666	-0.528
44.816	-0.578
45.116	-0.378
45.766	0.372
45.916	0.622
46.266	0.922
46.666	1.222
46.866	1.272
47.566	1.972
48.466	3.222
48.966	3.622
49.266	3.822
49.566	4.072
49.766	4.222
49.966	4.272
50.216	4.022
50.216	3.622
50.116	2.822
50.116	2.672
50.066	2.472
50.066	2.272
50.266	1.772
50.466	1.572
50.916	0.672
51.116	0.522
52.166	0.172
52.416	0.172
53.966	-0.328
55.016	-0.728
55.216	-0.778
55.666	-0.928
56.216	-1.478
56.466	-1.728
56.516	-1.828
POLYLINE BLACK
41.066	-10.728
40.946	-10.698
41.306	-10.608
41.396	-10.608
41.516	-10.578
41.636	-10.548
41.336	-10.458
41.186	-10.488
40.916	-10.488
40.796	-10.458
41.096	-10.548
41.336	-10.548
41.606	-10.608
41.576	-10.548
40.916	-10.548
40.916	-10.548
41.066	-10.578
41.426	-10.638
41.636	-10.608
41.696	-10.608
41.576	-10.578
41.396	-10.578
41.216	-10.548
41.036	-10.548
41.096	-10.578
41.516	-10.578
41.336	-10.548
41.216	-10.518
41.126	-10.488
41.216	-10.548
41.576	-10.578
41.696	-10.578
41.846	-10.608
41.906	-10.608
41.696	-10.548
41.576	-10.548
41.516	-10.578
41.216	-10.578
41.276	-10.608
41.576	-10.608
41.726	-10.638
41.936	-10.638
41.636	-10.548
41.336	-10.488
41.276	-10.488
POLYLINE BLACK
40.886	-11.028
POLYLINE BLACK
36.446	-5.508
36.506	-5.508
36.536	-5.628
36.686	-5.868
36.686	-5.928
36.956	-6.138
37.076	-6.168
37.316	-6.258
37.376	-6.258
37.796	-6.498
38.066	-6.768
38.246	-6.918
38.306	-6.918
38.486	-7.038
38.546	-7.038
38.606	-7.128
38.726	-7.158
38.876	-7.128
39.146	-7.188
39.266	-7.158
39.506	-7.308
40.136	-7.728
40.196	-7.728
40.406	-7.848
40.496	-7.848
40.856	-7.968
40.976	-8.058
41.126	-8.028
41.246	-8.088
41.336	-8.088
41.576	-8.148
41.696	-8.178
41.996	-8.538
42.566	-8.808
42.626	-8.868
42.686	-8.868
42.836	-8.958
42.956	-8.958
43.406	-9.168
43.766	-9.228
43.886	-9.258
44.096	-9.198
44.216	-9.198
POLYLINE BLACK
35.606	-4.968
35.726	-5.028
35.846	-4.968
35.966	-5.058
36.056	-5.058
36.446	-5.538
36.626	-5.658
36.686	-5.718
POLYLINE BLACK
52.776	-8.148
POLYLINE BLACK
35.906	-3.378
36.026	-3.558
36.146	-3.648
36.296	-3.648
36.416	-3.678
36.656	-3.648
36.776	-3.648
36.836	-3.618
36.896	-3.648
36.956	-3.618
37.076	-3.648
37.286	-3.648
37.466	-3.558
37.556	-3.558
37.856	-3.378
37.976	-3.378
38.126	-3.288
38.366	-3.168
38.486	-3.168
38.606	-3.078
38.996	-2.988
39.176	-2.868
39.296	-2.838
39.446	-2.748
39.506	-2.778
39.626	-2.688
39.746	-2.658
39.866	-2.598
39.956	-2.598
40.226	-2.508
40.346	-2.478
40.526	-2.418
40.676	-2.328
40.796	-2.298
40.856	-2.238
41.186	-2.178
41.306	-2.178
41.426	-2.088
41.696	-2.058
41.816	-2.028
41.936	-1.938
41.996	-1.968
42.506	-1.758
42.686	-1.758
42.746	-1.728
POLYLINE BLACK
35.046	-4.678
35.166	-4.708
35.226	-4.678
35.286	-4.738
35.406	-4.768
35.586	-4.888
35.676	-4.888
35.736	-4.948
35.856	-4.948
POLYLINE BLACK
32.346	-3.448
32.406	-3.478
32.736	-3.328
33.066	-2.968
33.186	-2.758
33.396	-2.668
33.936	-2.278
34.086	-2.128
34.386	-1.828
34.656	-1.858
34.776	-1.828
34.776	-1.768
35.046	-2.038
35.226	-2.428
35.256	-2.548
35.316	-2.668
35.406	-2.758
35.526	-3.088
35.586	-3.148
35.616	-3.268
35.826	-3.478
35.886	-3.508
POLYLINE BLACK
32.976	-5.128
33.036	-5.158
33.336	-4.978
33.816	-4.858
33.936	-4.888
34.056	-4.828
34.176	-4.858
34.236	-4.798
34.356	-4.798
34.536	-4.678
34.596	-4.708
34.776	-4.678
34.896	-4.708
35.076	-4.738
35.136	-4.708
POLYLINE BLACK
32.856	-5.188
32.286	-5.428
32.046	-5.578
31.926	-5.608
31.866	-5.668
31.686	-5.698
31.506	-5.848
31.386	-5.938
31.266	-5.968
31.086	-6.208
30.876	-6.418
30.726	-6.628
30.486	-6.838
POLYLINE BLACK
29.496	-5.218
29.646	-5.218
29.946	-5.038
30.036	-4.918
30.066	-4.768
30.096	-4.708
30.066	-4.648
30.306	-4.378
30.396	-4.378
30.696	-4.228
30.756	-4.228
30.936	-4.108
31.086	-4.048
31.176	-3.928
31.296	-3.898
31.356	-3.838
31.536	-3.838
31.596	-3.808
31.716	-3.838
31.926	-3.748
32.046	-3.658
32.106	-3.658
32.226	-3.538
32.286	-3.538
32.406	-3.418
POLYLINE BLACK
29.076	-8.578
28.986	-8.428
28.866	-8.308
28.686	-8.008
28.656	-7.858
28.266	-7.378
28.146	-7.318
27.846	-6.748
27.576	-6.448
27.516	-6.448
27.246	-6.268
27.126	-6.268
27.006	-6.238
26.826	-6.238
26.646	-6.178
26.526	-6.148
26.406	-6.118
26.016	-5.848
25.626	-5.578
25.446	-5.458
25.326	-5.368
POLYLINE BLACK
24.216	-5.098
24.456	-5.218
24.726	-5.248
24.846	-5.248
24.966	-5.278
25.026	-5.338
25.146	-5.338
25.206	-5.398
25.326	-5.398
POLYLINE BLACK
24.456	-3.598
24.516	-3.628
24.576	-3.598
24.936	-3.688
25.026	-3.688
25.266	-3.748
25.356	-3.748
25.536	-3.808
25.746	-3.838
25.806	-3.898
26.016	-3.898
26.496	-4.108
27.036	-4.228
27.186	-4.258
27.336	-4.348
27.396	-4.348
27.906	-4.528
27.996	-4.528
28.326	-4.648
28.416	-4.648
28.686	-4.768
28.836	-4.768
29.076	-4.858
29.406	-5.188
29.556	-5.338
POLYLINE BLACK
23.376	-0.058
23.376	-0.028
23.361	0.002
23.361	0.077
23.346	0.137
23.346	0.227
23.361	0.287
23.361	0.392
23.391	0.422
23.421	0.557
23.466	0.752
23.466	0.962
23.391	1.112
23.271	1.187
23.211	1.187
23.181	1.172
23.136	1.172
23.076	1.127
22.941	0.947
22.866	0.797
22.836	0.767
22.806	0.692
22.731	0.662
22.731	0.632
22.656	0.497
22.656	0.407
22.671	0.347
22.671	0.257
22.746	-0.013
22.821	-0.178
22.821	-0.208
22.941	-0.403
22.971	-0.433
22.986	-0.478
23.046	-0.478
23.106	-0.523
23.196	-0.523
23.226	-0.538
23.286	-0.523
23.346	-0.523
23.376	-0.508
23.421	-0.403
23.421	-0.313
23.406	-0.253
23.406	0.002
23.391	0.062
23.391	0.197
23.376	0.257
23.376	0.392
23.406	0.467
23.436	0.497
POLYLINE CONNECT
23.281	0.207
24.284	-4.434
POLYLINE BLACK
20.781	-1.933
20.801	-1.973
20.921	-1.953
21.061	-1.813
21.081	-1.773
21.121	-1.773
21.201	-1.713
21.281	-1.693
21.401	-1.493
21.581	-1.453
21.681	-1.553
21.681	-1.773
21.741	-1.953
21.901	-2.073
21.941	-2.213
21.941	-2.293
21.921	-2.433
22.101	-2.393
22.301	-2.233
22.361	-2.293
22.381	-2.373
22.541	-2.533
22.601	-2.633
22.661	-2.653
22.781	-2.773
22.821	-2.793
POLYLINE BLACK
20.201	-1.473
20.181	-1.553
20.241	-1.613
20.241	-1.653
20.301	-1.733
20.341	-1.833
20.501	-1.933
20.541	-1.913
20.621	-1.973
20.701	-1.973
20.741	-1.953
20.781	-1.993
POLYLINE BLACK
23.521	-3.373
23.481	-3.353
23.401	-3.373
23.221	-3.373
23.081	-3.393
23.001	-3.373
22.881	-3.273
22.781	-3.213
22.641	-3.073
22.621	-2.993
22.561	-2.893
22.541	-2.813
22.541	-2.693
22.561	-2.613
22.581	-2.453
22.581	-2.413
22.661	-2.653
22.761	-2.813
22.941	-3.033
23.041	-3.193
23.221	-3.333
23.301	-3.353
23.481	-3.473
23.561	-3.493
23.741	-3.553
23.781	-3.533
23.861	-3.553
23.901	-3.553
POLYLINE BLACK
22.581	-2.313
22.521	-2.433
22.521	-2.493
22.501	-2.573
22.521	-2.653
22.681	-2.653
22.841	-2.753
22.981	-2.973
23.041	-3.073
23.081	-3.233
23.121	-3.333
23.281	-3.453
23.361	-3.473
23.701	-3.633
23.781	-3.633
23.881	-3.613
23.961	-3.593
24.041	-3.633
24.161	-3.573
24.201	-3.593
24.321	-3.553
POLYLINE BLACK
21.721	-4.253
21.761	-4.173
21.841	-4.153
21.881	-4.113
22.001	-4.133
22.041	-4.173
22.121	-4.193
22.241	-4.233
22.321	-4.313
22.401	-4.333
22.481	-4.393
22.641	-4.393
22.741	-4.413
22.861	-4.413
23.061	-4.493
23.241	-4.613
23.281	-4.613
23.661	-4.973
23.781	-5.013
23.861	-5.033
23.941	-5.053
24.021	-5.053
24.061	-5.033
24.101	-5.053
24.181	-5.033
24.221	-5.033
POLYLINE BLACK
20.461	-2.753
20.541	-2.773
20.821	-3.053
20.981	-3.273
21.061	-3.313
21.161	-3.413
21.381	-3.593
21.561	-3.813
21.581	-3.893
21.721	-4.153
21.741	-4.293
POLYLINE BLACK
20.121	-2.393
20.241	-2.433
20.381	-2.593
20.501	-2.773
20.601	-2.893
20.861	-3.173
POLYLINE BLACK
19.641	-2.193
19.661	-2.153
19.761	-2.133
19.781	-2.093
19.901	-2.133
19.961	-2.133
20.121	-2.233
20.161	-2.233
POLYLINE BLACK
15.781	1.127
15.881	0.967
15.921	0.927
16.021	0.927
16.101	0.947
16.181	0.927
16.321	0.787
16.401	0.787
16.561	0.707
16.701	0.707
16.901	0.747
17.061	0.747
17.141	0.687
17.221	0.687
17.361	0.707
17.461	0.707
17.581	0.767
17.701	0.787
17.801	0.847
17.881	0.807
17.901	0.667
17.901	0.547
18.241	0.187
18.241	0.107
18.201	0.027
18.381	-0.153
18.441	-0.253
18.521	-0.333
18.561	-0.293
18.641	-0.313
18.721	-0.313
18.861	-0.273
18.901	-0.293
18.981	-0.273
19.021	-0.273
19.061	-0.313
19.101	-0.313
19.301	-0.473
19.361	-0.573
19.581	-0.813
19.601	-0.893
19.701	-1.113
19.821	-1.233
19.861	-1.233
19.981	-1.313
20.041	-1.393
20.041	-1.433
20.201	-1.633
POLYLINE BLACK
15.221	0.447
15.481	0.187
15.561	0.167
15.761	0.027
15.841	-0.053
15.941	-0.113
16.181	-0.273
16.421	-0.433
16.501	-0.453
16.641	-0.573
16.681	-0.573
16.821	-0.713
16.861	-0.713
16.961	-0.873
17.101	-0.953
17.181	-0.973
17.301	-1.033
17.481	-1.033
17.601	-1.073
17.781	-1.253
17.881	-1.353
18.061	-1.413
18.101	-1.413
18.161	-1.533
18.321	-1.673
18.401	-1.673
18.581	-1.733
18.741	-1.733
19.021	-1.973
19.101	-1.993
19.161	-2.073
19.201	-2.053
19.281	-2.073
19.321	-2.073
19.441	-2.173
19.561	-2.173
19.641	-2.193
19.721	-2.193
19.881	-2.373
19.881	-2.413
POLYLINE BLACK
14.381	0.967
14.401	0.887
14.521	0.807
14.721	0.667
14.761	0.667
14.841	0.607
14.921	0.587
15.141	0.487
15.221	0.467
15.301	0.427
15.321	0.387
POLYLINE BLACK
14.881	0.567
14.961	0.587
15.021	0.587
15.101	0.607
15.181	0.567
15.261	0.487
15.321	0.427
POLYLINE BLACK
14.421	1.647
14.401	1.687
14.641	1.867
14.781	1.907
14.821	1.887
14.901	1.907
15.041	1.807
15.341	1.507
15.561	1.387
15.641	1.367
15.721	1.307
15.721	1.247
15.741	1.167
15.741	1.107
15.781	1.027
POLYLINE BLACK
14.421	0.887
14.461	0.907
14.701	0.787
14.781	0.727
14.821	0.727
14.921	0.547
14.921	0.507
POLYLINE BLACK
12.821	1.427
12.961	1.387
13.141	1.387
13.221	1.407
13.361	1.407
13.661	1.507
13.741	1.507
13.821	1.447
13.941	1.447
14.021	1.467
14.061	1.467
14.101	1.507
14.161	1.507
14.401	1.647
POLYLINE BLACK
14.121	-0.413
14.321	-0.353
14.521	-0.353
14.741	-0.413
14.801	-0.413
14.941	-0.473
15.121	-0.613
15.221	-0.613
15.541	-0.773
15.441	-0.653
15.261	-0.373
15.181	-0.293
15.161	-0.233
14.881	-0.033
14.721	0.047
POLYLINE BLACK
14.461	0.507
14.581	0.427
14.781	0.187
14.921	-0.073
15.021	-0.173
15.101	-0.353
15.141	-0.353
15.201	-0.433
15.141	-0.513
14.901	-0.613
14.861	-0.653
14.821	-0.633
14.781	-0.673
14.721	-0.673
14.641	-0.693
14.561	-0.673
14.241	-0.453
14.141	-0.453
13.941	-0.373
13.881	-0.373
13.801	-0.353
13.721	-0.353
13.621	-0.333
POLYLINE BLACK
11.601	1.127
11.781	1.127
11.881	1.167
12.001	1.167
12.101	1.207
12.161	1.207
12.301	1.247
12.361	1.247
12.461	1.267
12.621	1.267
12.761	1.247
12.841	1.267
12.941	1.307
13.001	1.307
13.041	1.327
POLYLINE BLACK
14.801	0.407
14.761	0.447
14.601	0.447
14.561	0.427
14.301	0.567
14.221	0.627
14.141	0.647
14.021	0.687
13.941	0.687
13.781	0.647
13.661	0.687
13.601	0.687
13.481	0.747
13.381	0.767
13.301	0.787
13.261	0.767
13.141	0.827
13.061	0.807
13.021	0.787
12.981	0.807
12.821	0.727
12.601	0.687
12.561	0.687
12.621	0.727
12.681	0.727
12.941	0.847
13.001	0.847
13.161	0.927
13.381	0.927
13.641	0.987
13.701	0.987
13.781	0.947
13.861	0.967
14.041	0.927
14.261	0.967
POLYLINE BLACK
10.281	0.127
10.441	0.167
10.681	0.247
10.741	0.247
10.841	0.287
10.921	0.367
11.001	0.367
11.101	0.427
11.181	0.447
11.401	0.447
11.521	0.407
11.561	0.367
11.681	0.347
11.741	0.307
11.821	0.287
11.901	0.267
12.141	0.207
12.181	0.167
12.221	0.167
12.301	0.107
12.381	0.107
12.521	0.047
12.561	0.007
12.601	0.007
12.681	-0.053
12.801	-0.073
12.861	-0.173
12.961	-0.193
13.041	-0.253
13.141	-0.253
13.281	-0.313
13.501	-0.413
13.761	-0.413
13.801	-0.393
13.981	-0.493
14.141	-0.553
14.301	-0.713
14.441	-0.753
14.501	-0.753
14.561	-0.813
POLYLINE BLACK
10.621	0.927
10.661	0.887
10.841	0.947
10.921	0.947
11.061	0.987
11.221	1.027
11.361	1.007
11.441	1.027
11.601	1.067
11.701	1.107
POLYLINE BLACK
9.831	1.007
9.951	0.917
10.071	0.917
10.191	0.887
10.311	0.917
10.581	0.917
10.641	0.887
10.701	0.917
10.821	0.887
10.881	0.887
POLYLINE BLACK
9.081	0.047
9.141	-0.013
9.261	0.017
9.381	0.047
9.741	0.107
9.891	0.107
10.071	0.227
10.191	0.227
10.251	0.257
10.311	0.197
10.551	0.227
10.611	0.197
POLYLINE BLACK
0.411	0.587
0.141	0.437
POLYLINE BLACK
1.791	-0.283
1.761	-0.223
1.641	-0.223
1.431	-0.163
1.101	-0.163
1.041	-0.193
0.981	-0.163
0.861	-0.193
0.621	-0.163
0.411	-0.133
0.231	-0.223
0.111	-0.253
POLYLINE BLACK
1.371	4.667
1.251	4.727
1.101	4.547
1.011	4.277
1.101	4.067
1.251	3.887
1.371	3.677
1.521	3.497
1.641	3.227
1.701	2.897
1.761	2.447
1.761	2.297
1.731	2.147
1.671	2.057
1.671	1.997
1.581	1.877
1.551	1.757
1.461	1.547
1.281	1.247
1.161	1.067
1.101	1.007
1.101	0.947
0.951	0.767
0.681	0.647
0.501	0.497
0.381	0.497
0.201	0.407
0.111	0.407
0.081	0.347
POLYLINE BLACK
1.281	5.387
POLYLINE BLACK
4.341	1.007
4.341	1.067
4.161	1.187
3.921	1.187
3.861	1.127
3.741	1.097
3.471	0.977
3.291	0.857
3.171	0.857
2.811	0.527
2.511	0.347
2.391	0.317
2.121	0.017
2.001	-0.013
1.821	-0.103
1.701	-0.133
1.581	-0.163
1.281	-0.163
1.221	-0.193
POLYLINE BLACK
4.131	1.037
4.011	0.977
3.951	1.037
3.891	1.037
3.681	1.247
3.501	1.397
3.441	1.397
3.381	1.487
3.321	1.487
3.261	1.547
POLYLINE BLACK
9.801	0.857
9.681	1.037
9.621	1.037
9.561	1.097
9.441	1.127
9.081	1.247
9.021	1.247
8.901	1.337
8.691	1.397
8.571	1.517
8.451	1.517
8.181	1.697
8.061	1.727
7.821	1.937
7.761	1.937
7.671	2.087
7.551	2.207
7.491	2.207
7.281	2.477
6.951	2.987
6.621	3.317
6.291	3.467
5.871	3.827
5.751	3.857
5.271	3.947
5.001	3.917
4.821	3.857
4.761	3.887
4.551	3.797
4.311	3.857
4.161	3.887
3.771	4.007
3.651	4.037
3.351	4.217
3.231	4.307
3.111	4.337
2.751	4.487
2.601	4.637
2.151	4.847
1.851	5.027
1.761	5.027
1.641	5.057
1.311	4.937
1.071	4.697
1.071	4.517
POLYLINE BLACK
3.561	0.797
3.621	0.797
3.801	0.977
3.861	0.977
3.981	1.067
4.311	1.127
4.821	1.037
4.971	1.007
5.121	0.977
5.271	0.977
5.931	0.797
6.171	0.677
6.291	0.647
6.471	0.557
6.591	0.527
6.771	0.407
6.981	0.407
7.161	0.347
7.221	0.347
7.281	0.287
7.401	0.287
7.581	0.167
7.761	0.047
7.971	0.017
8.121	0.047
8.241	0.017
8.301	0.047
8.451	0.017
8.571	0.047
8.751	0.047
8.811	0.017
8.991	0.077
9.111	0.047
9.171	0.107
POLYLINE BLACK
4.446	1.907
POLYLINE BLACK
4.506	1.907
