TRIP
DATE 2005-07-09 
DECLINATION     0.00
DATA
1.0	1.1	10.24	51.28	1.664	>
1.1	1.2	297.97	21.16	4.700	>
1.1		18.45	-0.93	5.048	>
1.2		180.50	11.01	2.544	>
1.2		179.32	4.90	2.796	>
1.2		247.99	14.38	2.521	>
1.2		247.21	48.06	2.410	>
1.2		276.71	86.20	2.326	>
1.2		66.14	46.23	0.904	>
1.2		50.20	16.28	2.625	>
1.2		52.76	-9.99	3.541	>
1.2		52.04	-8.89	3.561	>
1.2		101.75	7.23	3.113	>
1.2		61.19	-83.98	1.305	>
1.2	1.3	330.26	39.27	2.888	>
1.3		117.75	55.61	1.989	>
1.3		219.44	2.24	2.331	>
1.3		258.25	-79.96	0.873	>
1.3	1.4	340.38	5.25	4.928	>
1.4		15.61	84.97	9.069	>
1.4		249.16	-4.86	1.134	>
1.4		253.73	-48.58	1.770	>
1.4		72.36	-12.80	5.817	>
1.4		72.35	21.66	5.415	>
1.4		111.14	50.72	4.674	>
1.4	1.5	33.35	17.46	5.225	>
1.5		98.54	-2.36	2.795	>
1.5		95.33	-41.15	3.404	>
1.5		215.00	86.35	6.657	>
1.5		258.37	-0.53	6.447	>
1.5		248.40	-44.67	1.838	>
1.5		329.10	10.22	1.905	>
1.5		37.66	1.06	3.990	>
1.5		57.16	-2.53	5.731	>
1.5	1.6	269.28	8.92	4.443	>
1.6	1.7	14.88	28.21	4.113	>
1.7	1.8	345.16	-4.26	1.441	>
1.8		132.02	-8.10	2.114	>
1.8		80.47	-14.34	2.201	>
1.8		73.59	-0.98	7.604	>
1.8		46.66	-3.01	10.823	>
1.8		26.55	0.91	5.240	>
1.8		342.76	7.26	2.989	>
1.8		270.20	4.18	3.483	>
1.8		245.53	3.61	3.447	>
1.8		192.98	-5.10	5.065	>
1.8		13.91	81.15	6.491	>
1.8		177.63	-83.41	1.056	>
1.8		196.06	25.50	10.954	>
1.8		46.42	-2.24	10.810	>
1.8		261.41	50.73	3.693	>
1.8	1.9	332.20	-33.60	5.125	>
1.9		62.46	-16.96	2.067	>
1.9		234.23	-14.97	3.442	>
1.9		153.11	80.16	0.919	>
1.9		196.20	-58.86	0.846	>
1.9	1.10	296.69	-25.46	3.028	>
1.10		5.19	-16.43	5.495	>
1.10		339.92	-18.83	6.936	>
1.10		299.65	-12.78	2.790	>
1.10		233.48	1.58	3.708	>
1.10		184.85	4.04	3.069	>
1.10		149.93	9.52	4.545	>
1.10		75.45	-3.67	4.563	>
1.10		245.77	78.30	4.228	>
1.10		255.80	-80.64	2.080	>
1.10		350.51	-39.36	9.601	>
1.10		352.28	-37.71	8.737	>
1.10	1.11	25.48	-19.96	7.637	>
1.11		301.10	82.62	1.628	>
1.11		295.12	-63.24	2.716	>
1.11		290.24	-12.70	2.670	>
1.11		96.48	5.45	3.390	>
1.11	1.12	351.18	-30.01	4.874	>
1.12		91.38	-2.69	2.496	>
1.12		99.83	-44.40	0.943	>
1.12		264.76	1.88	1.587	>
1.12		328.49	84.05	4.999	>
1.12		80.52	84.32	21.471	>
1.12	1.13	3.87	-8.19	7.973	>
1.13		101.79	58.73	1.027	>
1.13		302.40	62.37	1.622	>
1.13		284.00	11.52	2.063	>
1.13		257.79	-74.53	1.542	>
1.13		171.76	-54.21	5.295	>
1.13	1.14	347.24	-11.78	3.219	>
1.14	1.15	67.52	-18.50	2.099	>
1.15		104.16	51.09	0.911	>
1.15		305.43	71.32	1.858	>
1.15		287.94	21.92	3.892	>
1.15		279.90	-48.84	1.272	>
1.15		29.53	-6.60	5.165	>
1.15		2.65	-4.86	8.277	>
1.15		339.09	-4.39	6.591	>
1.15		308.86	1.75	3.757	>
1.15		5.58	-25.74	14.396	>
1.15		336.84	-66.36	14.754	>
1.15		325.92	-70.87	15.298	>
1.15		329.21	-51.39	17.108	>
1.15		347.11	-40.63	18.805	>
1.15		339.87	49.35	7.840	>
1.15		353.13	46.53	9.143	>
1.12		309.92	81.94	12.356	>
1.5	1.16	53.03	-4.76	6.274	>
1.16		111.06	-71.07	4.125	>
1.16		234.27	-68.76	1.139	>
1.16		313.84	0.48	1.429	>
1.16		134.07	-3.14	0.219	>
1.16		336.17	48.99	3.598	>
1.16		332.89	68.37	11.915	>
1.16		350.65	67.58	2.920	>
1.16		265.65	24.01	2.988	>
1.16	1.17	29.09	3.66	4.480	>
1.17	1.18	356.96	13.44	2.654	>
1.18		234.78	19.55	2.173	>
1.18		240.50	19.99	4.510	>
1.18		150.41	-0.91	2.523	>
1.18		75.74	-7.67	1.827	>
1.18		265.44	28.62	2.290	>
1.18		316.54	21.24	3.048	>
1.18		12.43	15.69	0.854	>
1.18		327.39	14.30	3.009	>
1.18	1.19	329.51	15.93	3.027	>
1.19		4.94	28.98	3.092	>
1.19		347.65	24.85	2.113	>
1.19		101.98	0.91	1.199	>
1.19		280.39	6.22	0.748	>
1.19	1.20	4.94	28.64	3.080	>
1.20	1.21	355.92	38.08	3.463	>
1.21	1.33	15.04	-25.39	4.056	>
1.33	1.34	64.99	-19.90	3.728	>
1.34		293.87	21.63	4.294	>
1.34		265.93	24.46	3.362	>
1.34		237.24	17.78	6.211	>
1.34		208.00	12.62	5.982	>
1.34		189.76	9.47	3.593	>
1.34		153.24	-0.47	3.511	>
1.34		146.17	-15.60	7.334	>
1.34		122.29	-19.27	6.698	>
1.34		101.11	-24.57	10.442	>
1.34		69.65	-17.02	4.932	>
1.34		42.06	-8.08	4.292	>
1.34		28.32	0.92	4.464	>
1.34		316.93	6.30	3.217	>
1.34		10.33	85.78	3.408	>
1.34		304.34	66.28	9.962	>
1.34		301.57	51.31	4.198	>
1.34		117.34	65.56	5.815	>
1.34		111.42	17.25	3.039	>
1.34		110.85	-4.71	2.999	>
1.34		108.76	-77.91	1.069	>
1.34	1.35	101.98	-24.86	8.779	>
1.35	1.36	45.64	-19.64	4.219	>
1.36	1.37	209.58	-27.21	5.098	>
1.37		110.28	-13.70	2.602	>
1.37		336.40	-5.48	2.627	>
1.37		91.72	-80.79	0.832	>
1.37		17.04	81.22	1.699	>
1.37	1.38	105.49	-28.94	2.092	>
1.38	1.39	210.78	-2.15	7.671	>
1.39		61.48	-20.90	5.517	>
1.39		1.42	10.12	3.490	>
1.39		217.57	21.20	6.014	>
1.39		280.92	21.97	3.052	>
1.39		311.31	23.30	4.235	>
1.39	1.40	312.96	21.18	3.025	>
1.40		250.39	21.27	4.918	>
1.38	1.41	218.94	8.50	3.442	>
1.41	1.42	320.97	12.31	5.653	>
1.42	1.43	258.26	9.36	4.558	>
1.43		42.77	7.29	3.072	>
1.43		205.52	17.29	6.492	>
1.43		119.75	-4.84	2.546	>
1.43		16.45	-0.80	5.927	>
1.43		297.14	6.38	2.980	>
1.43		230.37	4.77	4.614	>
1.43		231.52	22.06	9.951	>
1.43		211.24	11.40	6.572	>
1.43		347.55	13.94	5.322	>
1.43		192.04	9.20	4.996	>
1.42	1.44	107.95	-10.84	4.004	>
1.33	1.45	205.74	49.55	7.017	>
1.45	1.46	249.16	21.11	3.013	>
1.46	1.47	306.85	27.99	2.305	>
1.47	1.48	241.32	54.15	6.866	>
1.48		141.24	1.81	1.269	>
1.48	1.49	207.65	-13.82	2.859	>
1.48		9.46	88.96	6.384	>
1.48		67.91	52.62	10.255	>
1.48		64.28	36.15	6.901	>
1.48		58.41	5.72	5.946	>
1.48		69.73	-43.30	8.307	>
1.48	1.50	198.08	48.28	3.486	>
1.50		110.19	-0.41	1.976	>
1.50		299.15	6.14	0.747	>
1.50		185.88	-11.55	5.179	>
1.50		176.88	-12.77	4.955	>
1.50		193.90	-14.92	5.097	>
1.50		209.05	-7.73	2.646	>
1.50	1.51	181.11	-24.13	5.801	>
1.51	1.52	218.99	-55.93	1.977	>
1.52		168.20	-29.81	3.742	>
1.52		168.02	-29.70	3.472	>
1.52		167.25	-11.26	3.082	>
1.52		168.17	-44.48	5.058	>
1.48	1.53	65.81	39.16	8.590	>

PLAN
STATIONS
0.000	0.000	1.0
0.185	1.024	1.1
-3.686	3.080	1.2
-4.795	5.021	1.3
-6.443	9.643	1.4
-3.703	13.807	1.5
-8.092	13.752	1.6
-7.161	17.255	1.7
-7.529	18.644	1.8
-9.520	22.420	1.9
-11.963	23.648	1.10
-8.875	30.128	1.11
-9.522	34.299	1.12
-8.989	42.173	1.13
-9.685	45.246	1.14
-7.846	46.007	1.15
1.293	17.567	1.16
3.467	21.474	1.17
3.330	24.052	1.18
1.853	26.560	1.19
2.086	29.253	1.20
1.892	31.972	1.21
2.843	35.511	1.33
6.020	36.993	1.34
13.812	35.339	1.35
16.653	38.117	1.36
14.415	34.174	1.37
16.179	33.685	1.38
12.256	27.099	1.39
10.192	29.021	1.40
14.039	31.037	1.41
10.561	35.327	1.42
6.158	34.412	1.43
14.302	34.115	1.44
0.866	31.410	1.45
-1.761	30.410	1.46
-3.390	31.631	1.47
-6.918	29.701	1.48
-8.206	27.242	1.49
-7.638	27.496	1.50
-7.741	22.203	1.51
-8.438	21.342	1.52
-0.842	32.430	1.53
9.715	2.975	1.16
SHOTS
-6.918	29.701	-0.842	32.430
-7.741	22.203	-8.438	21.342
-8.438	21.342	-7.774	18.164
-8.438	21.342	-7.812	18.392
-8.438	21.342	-7.771	18.394
-8.438	21.342	-7.698	17.810
-7.638	27.496	-7.741	22.203
-6.918	29.701	-7.638	27.496
-7.638	27.496	-5.783	26.814
-7.638	27.496	-8.287	27.858
-7.638	27.496	-8.158	22.449
-7.638	27.496	-7.375	22.671
-7.638	27.496	-8.821	22.715
-7.638	27.496	-8.911	25.204
-6.918	29.701	-8.206	27.242
-3.390	31.631	-6.918	29.701
-6.918	29.701	-6.124	28.712
-6.918	29.701	-6.899	29.815
-6.918	29.701	-1.149	32.042
-6.918	29.701	-1.898	32.119
-6.918	29.701	-1.878	32.800
-6.918	29.701	-1.247	31.795
-1.761	30.410	-3.390	31.631
0.866	31.410	-1.761	30.410
2.843	35.511	0.866	31.410
10.561	35.327	14.302	34.115
10.561	35.327	6.158	34.412
6.158	34.412	8.227	36.649
6.158	34.412	3.487	28.818
6.158	34.412	8.361	33.153
6.158	34.412	7.836	40.096
6.158	34.412	3.523	35.763
6.158	34.412	2.617	31.479
6.158	34.412	-1.062	28.673
6.158	34.412	2.817	28.904
6.158	34.412	5.044	39.456
6.158	34.412	5.129	29.589
14.039	31.037	10.561	35.327
16.179	33.685	14.039	31.037
12.256	27.099	10.192	29.021
10.192	29.021	5.875	27.483
16.179	33.685	12.256	27.099
12.256	27.099	16.784	29.560
12.256	27.099	12.341	30.534
12.256	27.099	8.837	22.655
12.256	27.099	9.477	27.635
12.256	27.099	9.334	29.667
14.415	34.174	16.179	33.685
16.653	38.117	14.415	34.174
14.415	34.174	16.786	33.298
14.415	34.174	13.368	36.570
14.415	34.174	14.548	34.170
14.415	34.174	14.491	34.422
13.812	35.339	16.653	38.117
6.020	36.993	13.812	35.339
2.843	35.511	6.020	36.993
6.020	36.993	2.370	38.608
6.020	36.993	2.967	36.776
6.020	36.993	1.046	33.793
6.020	36.993	3.279	31.839
6.020	36.993	5.419	33.500
6.020	36.993	7.601	33.858
6.020	36.993	9.952	31.125
6.020	36.993	11.365	33.615
6.020	36.993	15.339	35.163
6.020	36.993	10.442	38.633
6.020	36.993	8.867	40.148
6.020	36.993	8.137	40.922
6.020	36.993	3.836	39.329
6.020	36.993	6.065	37.240
6.020	36.993	2.711	39.254
6.020	36.993	3.784	38.367
6.020	36.993	8.157	35.888
6.020	36.993	8.722	35.933
6.020	36.993	8.813	35.929
6.020	36.993	6.232	36.921
1.892	31.972	2.843	35.511
2.086	29.253	1.892	31.972
1.853	26.560	2.086	29.253
3.330	24.052	1.853	26.560
1.853	26.560	2.086	29.255
1.853	26.560	1.443	28.433
1.853	26.560	3.026	26.311
1.853	26.560	1.122	26.694
3.467	21.474	3.330	24.052
3.330	24.052	1.657	22.871
3.330	24.052	-0.359	21.965
3.330	24.052	4.576	21.858
3.330	24.052	5.085	24.498
3.330	24.052	1.326	23.892
3.330	24.052	1.376	26.114
3.330	24.052	3.507	24.855
3.330	24.052	1.759	26.508
1.293	17.567	3.467	21.474
-3.703	13.807	1.293	17.567
1.293	17.567	2.542	17.086
1.293	17.567	0.958	17.326
1.293	17.567	0.262	18.557
1.293	17.567	1.450	17.415
1.293	17.567	0.339	19.727
1.293	17.567	-0.708	21.476
1.293	17.567	1.112	18.666
1.293	17.567	-1.429	17.360
-9.685	45.246	-7.846	46.007
-7.846	46.007	-7.291	45.867
-7.846	46.007	-8.331	46.352
-7.846	46.007	-11.281	47.119
-7.846	46.007	-8.671	46.151
-7.846	46.007	-5.317	50.471
-7.846	46.007	-7.465	54.245
-7.846	46.007	-10.192	52.146
-7.846	46.007	-10.770	48.363
-7.846	46.007	-6.584	58.913
-7.846	46.007	-10.173	51.447
-7.846	46.007	-10.656	50.160
-7.846	46.007	-13.311	55.177
-7.846	46.007	-11.030	59.918
-7.846	46.007	-9.604	50.802
-7.846	46.007	-8.598	52.252
-8.989	42.173	-9.685	45.246
-9.522	34.299	-8.989	42.173
-8.989	42.173	-8.467	42.064
-8.989	42.173	-9.624	42.576
-8.989	42.173	-10.950	42.662
-8.989	42.173	-9.391	42.086
-8.989	42.173	-8.545	39.108
-8.875	30.128	-9.522	34.299
-9.522	34.299	-7.029	34.239
-9.522	34.299	-8.858	34.184
-9.522	34.299	-11.102	34.154
-9.522	34.299	-9.793	34.741
-9.522	34.299	-7.426	34.649
-9.522	34.299	-10.851	35.411
-11.963	23.648	-8.875	30.128
-8.875	30.128	-9.054	30.236
-8.875	30.128	-9.982	30.647
-8.875	30.128	-11.319	31.029
-8.875	30.128	-5.522	29.747
-9.520	22.420	-11.963	23.648
-11.963	23.648	-11.486	28.897
-11.963	23.648	-14.217	29.814
-11.963	23.648	-14.328	24.994
-11.963	23.648	-14.942	21.442
-11.963	23.648	-12.222	20.598
-11.963	23.648	-9.717	19.769
-11.963	23.648	-7.555	24.792
-11.963	23.648	-12.745	23.296
-11.963	23.648	-12.291	23.565
-11.963	23.648	-13.187	30.969
-11.963	23.648	-12.892	30.498
-7.529	18.644	-9.520	22.420
-9.520	22.420	-7.767	23.334
-9.520	22.420	-12.218	20.476
-9.520	22.420	-9.449	22.280
-9.520	22.420	-9.642	22.000
-7.161	17.255	-7.529	18.644
-7.529	18.644	-5.974	17.243
-7.529	18.644	-5.426	18.997
-7.529	18.644	-0.236	20.792
-7.529	18.644	0.332	26.061
-7.529	18.644	-5.187	23.331
-7.529	18.644	-8.408	21.476
-7.529	18.644	-11.003	18.656
-7.529	18.644	-10.660	17.219
-7.529	18.644	-8.662	13.728
-7.529	18.644	-7.289	19.613
-7.529	18.644	-7.524	18.523
-7.529	18.644	-10.265	9.143
-7.529	18.644	0.296	26.091
-7.529	18.644	-9.840	18.295
-8.092	13.752	-7.161	17.255
-3.703	13.807	-8.092	13.752
-6.443	9.643	-3.703	13.807
-3.703	13.807	-0.941	13.392
-3.703	13.807	-1.151	13.569
-3.703	13.807	-3.946	13.460
-3.703	13.807	-10.017	12.507
-3.703	13.807	-4.918	13.326
-3.703	13.807	-4.666	15.416
-3.703	13.807	-1.266	16.965
-3.703	13.807	1.107	16.912
-4.795	5.021	-6.443	9.643
-6.443	9.643	-6.229	10.409
-6.443	9.643	-7.499	9.241
-6.443	9.643	-7.567	9.315
-6.443	9.643	-1.037	11.362
-6.443	9.643	-1.647	11.169
-6.443	9.643	-3.683	8.576
-3.686	3.080	-4.795	5.021
-4.795	5.021	-3.801	4.498
-4.795	5.021	-6.275	3.222
-4.795	5.021	-4.944	4.990
0.185	1.024	-3.686	3.080
-3.686	3.080	-3.708	0.583
-3.686	3.080	-3.653	0.294
-3.686	3.080	-5.950	2.165
-3.686	3.080	-5.171	2.456
-3.686	3.080	-3.839	3.098
-3.686	3.080	-3.114	3.333
-3.686	3.080	-1.750	4.693
-3.686	3.080	-0.910	5.190
-3.686	3.080	-0.912	5.244
-3.686	3.080	-0.662	2.451
-3.686	3.080	-3.566	3.146
0.000	0.000	0.185	1.024
0.185	1.024	1.782	5.812
9.715	2.975	10.850	-0.927	
9.715	2.975	9.706	1.913	
9.715	2.975	8.304	2.987	
9.715	2.975	9.930	2.963	
9.715	2.975	7.416	5.690	
9.715	2.975	5.389	14.051	
9.715	2.975	8.728	5.674	
9.715	2.975	8.243	4.191	
POLYLINE GREEN
-0.381	47.556
-0.181	47.506
POLYLINE GREEN
14.719	32.156
14.369	31.056
13.769	29.656
13.419	28.756
13.419	28.606
13.319	28.406
POLYLINE GREEN
15.519	32.356
15.519	32.256
15.419	32.156
15.219	31.306
14.969	30.656
14.619	29.306
14.619	29.156
14.269	28.156
14.219	27.856
14.019	27.406
POLYLINE GREEN
16.319	32.606
16.119	32.256
15.419	29.706
15.219	28.806
15.219	28.606
15.119	28.306
15.069	27.706
POLYLINE GREEN
14.069	28.206
14.419	28.406
14.869	28.606
15.719	29.056
15.969	29.156
POLYLINE GREEN
14.419	29.656
14.869	29.906
15.119	29.956
15.369	30.106
15.819	30.306
16.069	30.306
POLYLINE GREEN
14.219	30.756
14.819	30.856
15.019	31.006
16.069	31.356
16.319	31.506
16.419	31.506
POLYLINE GREEN
14.469	31.956
14.519	31.856
14.469	31.756
14.819	31.956
15.519	32.106
16.219	32.356
16.319	32.456
POLYLINE GREEN
16.869	32.806
16.669	32.856
16.369	33.006
16.169	33.056
15.669	32.906
15.569	32.956
15.369	32.906
15.269	32.906
15.169	32.806
14.969	32.756
14.619	32.706
14.519	32.606
14.319	32.556
14.069	32.256
13.969	32.006
13.819	31.756
13.719	31.506
13.619	31.406
13.519	30.956
13.269	30.656
13.269	30.456
13.169	30.156
13.169	30.006
13.119	29.806
13.119	29.606
12.969	29.306
12.919	29.106
12.869	28.906
12.819	28.456
12.819	27.956
12.869	27.756
13.219	27.206
13.619	27.056
13.769	27.056
13.969	27.006
14.169	27.056
14.269	27.006
14.469	27.056
14.569	27.006
15.319	27.356
15.469	27.556
15.719	27.706
16.019	27.956
16.269	28.206
16.519	28.506
16.619	28.806
16.619	29.056
16.669	29.256
16.619	29.556
16.619	30.606
16.669	30.806
16.669	30.956
16.769	31.156
16.769	31.306
16.819	31.556
16.869	31.956
16.919	32.456
16.969	32.656
16.969	33.006
16.819	33.156
16.569	33.206
15.969	32.956
15.869	32.856
15.769	32.856
POLYLINE ORANGE
-8.856	22.956
-8.816	22.836
-8.816	22.776
-8.696	22.536
-8.696	22.476
-8.636	22.316
-8.636	22.236
-8.616	22.156
-8.616	22.076
-8.596	21.976
-8.616	21.896
-8.616	21.816
-8.656	21.636
-8.636	21.476
-8.656	21.396
-8.696	21.276
-8.696	21.136
-8.576	20.776
-8.576	20.696
-8.556	20.616
-8.556	20.156
-8.696	19.936
-8.676	19.856
-8.636	19.756
-8.596	19.716
-8.596	19.636
-8.656	19.476
-8.616	19.236
-8.396	18.796
-8.216	18.436
-8.216	18.396
-8.156	18.296
-8.156	18.256
-7.936	18.036
-7.776	17.956
-7.656	18.036
-7.616	18.036
-7.556	18.116
-7.516	18.216
POLYLINE ORANGE
-7.396	22.556
-7.556	22.316
-7.736	21.896
-7.736	21.856
-7.836	21.616
-7.836	21.496
-7.856	21.456
-7.836	21.416
-7.836	20.756
-7.796	20.596
-7.796	20.536
-7.696	20.256
-7.656	20.256
-7.596	20.176
-7.556	20.196
-7.516	20.176
-7.476	20.196
-7.436	20.176
-7.396	20.196
-7.296	20.076
-7.276	19.996
-7.276	19.916
-7.396	19.656
-7.416	19.556
-7.456	19.376
-7.456	19.296
-7.416	19.076
-7.416	18.736
-7.436	18.636
-7.496	18.296
-7.616	18.096
-7.616	18.056
-7.656	18.036
POLYLINE ORANGE
-7.156	22.956
-7.456	22.476
-7.476	22.396
-7.616	22.196
POLYLINE ORANGE
-5.716	26.836
-5.756	26.696
-5.756	26.596
-5.856	26.236
-5.856	26.156
-6.056	25.556
-6.116	25.436
-6.236	25.036
-6.376	24.616
-6.436	24.496
-6.436	24.436
-6.516	24.276
-6.516	24.196
-6.576	23.976
-6.636	23.896
-6.656	23.816
-6.716	23.696
-6.716	23.636
-6.776	23.516
-6.796	23.436
-6.916	23.236
-7.316	22.756
POLYLINE ORANGE
-8.246	28.236
-8.246	28.206
-8.366	27.951
-8.396	27.846
-8.441	27.786
-8.441	27.741
-8.516	27.576
-8.516	27.546
-8.531	27.516
-8.561	27.501
-8.636	27.351
-8.636	27.321
-8.681	27.186
-8.711	27.006
-8.741	26.886
-8.741	26.811
-8.771	26.661
-8.771	26.586
-8.786	26.556
-8.786	26.421
-8.801	26.346
-8.801	26.271
-8.816	26.211
-8.816	25.896
-8.831	25.836
-8.831	25.671
-8.876	25.311
-8.921	25.176
-8.921	25.116
-8.936	25.071
-8.936	24.996
-8.951	24.936
-8.951	24.831
-8.966	24.711
-8.981	24.501
-8.981	24.036
-8.966	23.826
-8.936	23.556
-8.936	23.301
-8.906	23.121
-8.786	22.806
-8.786	22.776
POLYLINE ORANGE
-5.921	27.201
-5.891	27.171
-5.891	27.141
-5.846	27.081
-5.846	26.886
-5.861	26.826
POLYLINE ORANGE
-9.206	27.741
-9.236	27.771
-9.356	28.116
-9.356	28.161
-9.386	28.221
-9.371	28.266
POLYLINE ORANGE
-8.876	26.931
-8.906	26.931
-9.101	27.141
-9.266	27.411
POLYLINE ORANGE
-8.411	26.361
-8.471	26.376
-8.501	26.376
-8.666	26.511
-8.711	26.571
-8.711	26.616
-8.726	26.646
POLYLINE ORANGE
-7.781	26.421
-7.811	26.436
-7.856	26.421
-8.021	26.271
POLYLINE ORANGE
-7.436	26.901
-7.496	26.841
-7.586	26.706
-7.586	26.676
POLYLINE ORANGE
-7.121	27.486
-7.136	27.441
-7.346	27.171
-7.346	27.141
POLYLINE ORANGE
-6.851	27.951
-6.956	27.906
-7.061	27.741
POLYLINE ORANGE
-6.641	28.281
-6.791	28.176
POLYLINE ORANGE
-6.386	28.656
-6.536	28.476
POLYLINE ORANGE
-6.206	28.746
-6.326	28.671
-6.356	28.566
-6.356	28.416
-6.326	28.311
-6.326	28.266
-6.311	28.206
-6.311	28.176
-6.296	28.116
-6.296	28.041
-6.281	27.981
-6.281	27.951
-6.176	27.726
-6.131	27.666
-6.086	27.561
-6.086	27.531
-6.041	27.441
-6.026	27.366
-6.011	27.306
-5.981	27.276
-5.981	27.246
-5.951	27.186
-5.951	27.156
-5.921	27.096
-5.921	27.066
-5.906	27.036
POLYLINE ORANGE
-8.441	28.296
-8.711	28.476
-8.831	28.596
-8.861	28.506
-8.771	28.236
-9.041	28.656
-9.041	28.656
POLYLINE ORANGE
-7.961	28.596
-8.021	28.566
-8.231	28.146
-8.411	28.086
-8.741	28.296
-8.801	28.356
POLYLINE ORANGE
-7.001	29.886
-7.061	29.826
-7.181	29.826
-7.511	29.676
-7.751	29.376
-7.811	29.106
-7.841	28.986
-7.901	28.746
-7.931	28.626
-8.021	28.476
-8.141	28.296
-8.141	28.236
POLYLINE ORANGE
-5.981	28.806
-6.101	28.776
-6.221	28.746
-6.341	28.416
POLYLINE ORANGE
-6.941	30.036
-6.941	29.976
-7.001	29.976
-7.241	29.766
POLYLINE ORANGE
-1.301	31.416
-1.301	31.416
-1.181	31.776
-1.181	31.866
-1.151	31.986
-1.181	32.106
-1.181	32.166
-1.301	32.166
-1.601	32.346
-1.781	32.466
-1.781	32.796
-1.931	32.946
-2.051	32.976
-2.171	33.006
-2.231	32.946
-2.351	32.916
-2.591	32.796
-2.711	32.796
-2.921	32.736
-3.041	32.706
-3.161	32.676
-3.281	32.646
-3.401	32.616
-3.461	32.616
-3.821	32.316
-3.971	32.166
-4.121	32.136
-4.241	32.046
-4.361	32.016
-4.661	31.806
-4.841	31.686
-5.051	31.476
-5.351	31.236
-5.411	31.176
-5.411	31.116
-5.621	30.906
-5.741	30.876
-5.951	30.786
-6.371	30.486
-6.611	30.306
-6.671	30.186
-6.851	30.066
-7.001	29.916
POLYLINE ORANGE
-1.541	30.066
-1.601	30.006
-1.631	30.096
-1.721	30.096
-1.841	30.066
-1.961	30.066
-2.141	30.006
-2.231	30.006
-2.351	29.916
-2.681	29.826
-2.981	29.616
-3.041	29.616
-3.281	29.466
-3.551	29.406
-3.671	29.406
-3.851	29.346
-3.971	29.316
-4.121	29.226
-4.241	29.256
-4.361	29.226
-4.511	29.256
-4.811	29.256
-4.931	29.226
-5.051	29.136
-5.111	29.136
-5.231	29.046
-5.321	29.046
-5.441	29.016
-5.561	29.016
-5.681	28.986
-5.741	28.986
-5.921	28.866
-6.071	28.806
-6.101	28.746
POLYLINE BLACK
-0.086	30.541
0.034	30.681
0.114	30.941
0.134	31.321
0.134	31.541
0.114	31.701
POLYLINE BLACK
-0.686	30.401
-0.566	30.401
-0.466	30.541
-0.386	30.801
-0.346	31.301
-0.366	31.461
POLYLINE BLACK
-0.326	31.621
-0.266	31.541
-0.246	31.141
-0.266	30.941
-0.406	30.641
POLYLINE BLACK
-0.066	31.721
0.054	31.501
0.134	31.161
0.134	30.861
0.094	30.641
0.034	30.541
-0.086	30.501
POLYLINE BLACK
1.034	32.401
1.114	32.341
1.254	32.141
1.334	31.901
1.374	31.601
1.374	31.181
1.354	31.081
1.314	31.061
POLYLINE BLACK
0.214	30.941
0.254	30.941
0.334	31.041
0.374	31.141
0.394	31.341
0.374	31.561
0.274	31.881
0.154	32.001
0.074	31.981
0.034	31.941
POLYLINE BLACK
0.634	31.061
0.694	31.081
0.754	31.381
0.694	31.701
0.594	31.961
0.514	32.061
0.474	32.021
POLYLINE BLACK
0.914	31.321
0.994	31.281
1.034	31.321
1.074	31.421
1.074	31.581
1.014	31.821
0.934	32.021
0.794	32.201
0.694	32.241
0.654	32.201
POLYLINE ORANGE
1.114	31.201
1.034	31.181
0.914	31.101
0.854	31.101
0.634	30.901
0.474	30.821
0.414	30.821
0.254	30.761
0.094	30.621
0.054	30.621
-0.006	30.541
-0.086	30.541
-0.146	30.461
-0.226	30.441
-0.346	30.341
-0.526	30.261
-0.606	30.241
-0.646	30.261
-0.746	30.201
-0.826	30.201
-0.946	30.161
-1.026	30.141
-1.106	30.161
-1.186	30.161
-1.226	30.141
-1.266	30.161
-1.306	30.121
-1.346	30.161
-1.426	30.141
-1.466	30.141
-1.546	30.061
-1.646	30.061
-1.726	30.001
-1.806	29.981
POLYLINE ORANGE
-1.286	31.341
-1.246	31.301
-1.266	31.221
-1.306	31.221
-1.386	31.161
-1.506	31.201
-1.566	31.301
-1.566	31.481
POLYLINE ORANGE
0.474	32.001
0.434	32.021
0.314	31.941
0.274	31.941
0.254	31.901
0.174	31.901
0.134	31.861
0.054	31.841
-0.146	31.721
-0.166	31.681
-0.246	31.661
-0.366	31.581
-0.446	31.561
-0.686	31.481
-0.766	31.481
-0.806	31.441
-0.886	31.441
-0.906	31.401
-0.946	31.421
-1.026	31.381
-1.046	31.341
-1.046	31.381
-1.066	31.341
-1.146	31.341
-1.166	31.281
-1.226	31.221
-1.326	31.061
-1.406	31.001
-1.446	31.001
POLYLINE BLACK
0.910	33.785
0.990	33.845
1.130	33.925
1.330	34.085
1.570	34.305
1.610	34.305
1.970	34.625
2.350	35.285
2.530	35.545
2.730	35.745
2.770	35.765
POLYLINE BLACK
0.830	33.785
0.850	33.605
0.970	33.125
0.970	32.865
0.910	32.625
0.870	32.465
0.870	32.365
0.690	32.005
0.770	32.065
0.870	32.325
0.930	32.505
0.950	32.845
0.950	33.185
0.910	33.365
0.910	33.445
0.930	33.485
POLYLINE BLACK
1.690	30.645
1.670	30.725
1.670	30.985
1.650	31.065
1.630	31.165
1.550	31.185
1.510	31.165
1.470	31.185
1.230	31.125
1.150	31.125
1.070	31.105
1.030	31.105
POLYLINE BLACK
0.890	33.845
0.890	33.805
0.850	33.785
0.850	33.505
0.930	33.205
0.930	33.105
0.970	32.985
0.970	32.885
0.990	32.805
0.910	32.445
0.810	32.245
0.610	32.045
0.430	31.945
0.270	31.865
0.310	31.865
POLYLINE BLACK
1.590	31.205
1.630	31.105
1.610	31.045
1.570	31.085
1.570	31.225
1.490	31.285
1.410	31.285
1.290	31.225
1.250	31.245
1.130	31.145
1.050	31.145
0.910	31.105
0.870	31.105
0.830	31.065
0.670	31.045
0.530	31.045
0.450	31.025
0.410	31.025
POLYLINE BLACK
1.050	33.865
0.950	33.805
0.890	33.745
0.890	33.605
0.870	33.565
0.910	33.485
0.910	33.425
1.010	33.185
1.070	33.085
1.090	33.005
1.150	32.905
1.190	32.785
1.190	32.665
1.050	32.465
1.010	32.425
0.970	32.425
0.910	32.365
0.790	32.305
0.750	32.305
0.710	32.265
0.630	32.265
0.390	32.105
0.450	32.045
POLYLINE BLACK
1.050	33.865
0.950	33.745
0.910	33.605
0.910	33.525
POLYLINE BLACK
2.850	35.545
2.810	35.545
2.690	35.405
2.610	35.285
2.270	34.805
2.190	34.665
1.890	34.405
1.830	34.345
1.730	34.285
1.670	34.225
1.250	33.965
1.210	33.925
1.170	33.925
1.150	33.885
1.050	33.825
1.010	33.785
POLYLINE BLACK
2.890	37.105
3.010	36.825
3.010	36.745
3.030	36.665
3.030	36.565
3.010	36.485
2.990	36.405
2.930	36.145
2.930	35.905
2.950	35.865
2.850	35.625
2.750	35.445
2.710	35.425
POLYLINE BLACK
2.350	38.365
2.290	38.265
2.270	38.105
2.370	37.685
2.370	37.625
2.750	37.205
2.810	37.065
POLYLINE BLACK
8.530	40.665
8.310	40.865
8.190	40.965
8.030	40.985
7.950	41.005
7.870	40.985
7.790	40.965
7.710	40.985
7.590	40.985
7.510	41.005
7.430	41.005
7.350	40.985
7.270	40.985
7.170	40.965
7.090	40.945
7.010	40.925
6.910	40.925
6.830	40.905
6.750	40.905
6.650	40.885
6.570	40.865
6.490	40.885
6.310	40.825
6.110	40.645
6.010	40.585
5.770	40.345
5.550	40.085
5.430	39.965
5.290	39.725
5.190	39.705
4.950	39.545
4.850	39.545
4.770	39.505
4.670	39.525
4.450	39.425
4.330	39.405
4.190	39.445
4.070	39.405
4.010	39.405
3.890	39.365
3.570	39.365
3.430	39.345
3.010	39.185
2.730	39.005
2.470	38.705
2.370	38.585
2.330	38.485
2.370	38.445
POLYLINE BLACK
0.990	31.825
1.070	31.845
1.210	31.745
1.370	31.485
1.430	31.345
POLYLINE BLACK
0.970	31.725
0.990	31.645
0.990	31.485
1.030	31.305
1.030	31.225
POLYLINE BLACK
1.390	31.965
1.450	31.945
1.530	31.805
1.530	31.505
1.550	31.565
1.550	31.825
1.530	31.865
POLYLINE BLACK
1.370	32.065
1.510	32.005
1.630	31.925
1.710	31.765
1.630	31.585
1.530	31.425
1.570	31.405
1.650	31.485
1.710	31.625
1.710	31.825
1.690	31.905
1.630	32.005
1.450	32.065
POLYLINE GRAY
1.290	30.225
1.390	30.245
1.570	30.305
1.710	30.305
1.970	30.225
2.250	29.945
2.370	29.545
2.570	29.105
2.590	29.005
2.810	28.705
3.030	28.605
3.170	28.605
3.250	28.585
3.410	28.565
3.490	28.565
3.630	28.545
3.710	28.565
3.790	28.585
3.850	28.565
3.930	28.585
3.970	28.585
3.890	28.525
3.810	28.545
3.670	28.545
3.510	28.585
3.430	28.585
3.390	28.625
3.350	28.625
3.310	28.665
3.270	28.645
3.190	28.665
POLYLINE GRAY
3.270	33.165
3.190	33.025
3.170	32.845
3.170	32.425
3.150	32.345
3.150	32.285
3.110	32.165
3.010	32.065
2.970	32.065
2.890	31.945
2.770	31.905
2.750	31.865
2.710	31.885
2.670	31.825
2.590	31.805
2.450	31.685
2.390	31.625
2.290	31.605
2.050	31.445
2.010	31.445
1.970	31.405
1.930	31.405
1.730	31.225
1.590	31.145
1.430	30.985
1.230	30.785
1.130	30.725
0.950	30.605
0.910	30.545
0.870	30.545
0.690	30.405
0.310	30.205
0.230	30.145
0.090	30.065
-0.230	29.785
-0.510	29.505
-0.870	29.185
-1.030	29.085
-1.190	28.905
-1.250	28.785
-1.250	28.645
-1.170	28.505
-1.050	28.505
-0.850	28.625
-0.770	28.765
-0.730	28.765
-0.690	28.845
-0.650	28.845
-0.610	28.905
-0.570	28.905
-0.510	28.965
-0.470	28.965
-0.350	29.045
-0.310	29.045
-0.270	29.085
-0.150	29.105
-0.090	29.185
-0.050	29.145
-0.050	29.185
0.010	29.245
0.050	29.225
0.610	29.765
0.650	29.765
0.690	29.825
0.750	29.825
0.870	29.945
0.950	29.965
1.150	30.105
1.230	30.125
1.270	30.205
1.310	30.225
1.370	30.205
POLYLINE GRAY
9.020	33.665
8.960	33.725
8.810	33.665
8.690	33.485
8.660	33.275
9.080	32.825
9.170	32.585
9.260	32.435
9.560	32.195
9.680	32.165
9.800	32.165
9.920	32.225
10.010	32.375
10.040	32.495
10.070	32.615
10.100	32.885
10.130	33.005
10.130	33.185
10.160	33.305
10.250	33.695
10.340	34.025
10.370	34.145
10.370	34.265
10.400	34.415
10.370	34.535
10.250	34.625
10.130	34.625
9.980	34.655
9.800	34.565
9.740	34.595
9.350	34.385
9.320	34.295
9.050	34.115
8.900	33.815
8.540	33.455
8.450	33.365
8.540	33.305
POLYLINE GRAY
7.850	32.495
7.790	32.555
8.090	32.765
8.150	32.765
8.180	32.675
7.910	32.585
POLYLINE GRAY
9.410	30.125
9.440	30.245
9.470	30.365
9.470	30.485
9.350	30.665
9.110	30.815
9.050	30.815
8.810	30.965
8.720	31.115
8.720	31.535
8.750	31.655
8.780	31.865
8.690	32.165
8.600	32.315
8.450	32.465
8.120	32.645
7.940	32.675
7.790	32.675
7.520	32.705
7.460	32.705
POLYLINE GRAY
3.440	28.385
3.620	28.535
3.740	28.565
4.100	28.805
4.280	28.895
4.370	29.045
4.490	29.105
4.730	29.345
5.000	29.585
5.120	29.615
5.270	29.765
5.270	29.825
5.630	30.125
5.690	30.125
6.530	31.025
6.680	31.235
6.770	31.325
6.980	31.595
7.310	31.925
7.370	32.045
7.520	32.195
7.730	32.555
POLYLINE GRAY
3.110	32.165
3.050	32.105
3.050	31.325
3.080	31.265
3.050	31.205
3.080	31.145
3.050	31.025
POLYLINE GRAY
3.890	39.935
3.890	39.875
3.950	39.875
4.100	39.695
4.220	39.665
4.280	39.605
4.340	39.605
4.520	39.395
4.610	39.155
4.580	39.035
4.580	38.825
4.430	38.315
4.280	37.985
4.190	37.565
4.040	37.055
3.950	36.665
3.920	36.545
3.860	36.215
3.830	36.095
3.740	35.915
3.710	35.795
3.620	35.405
3.590	35.165
3.560	34.925
3.440	34.265
3.410	34.145
3.410	34.025
3.350	33.785
3.320	33.665
3.230	33.335
3.140	33.155
3.110	32.885
3.080	32.765
3.080	32.195
3.140	32.075
3.140	31.925
3.200	31.865
POLYLINE GRAY
8.270	40.025
8.030	40.115
7.610	40.175
7.280	40.145
6.950	40.025
6.860	40.025
6.680	39.935
6.440	39.905
6.290	39.905
6.230	39.845
6.110	39.845
5.870	39.785
5.750	39.785
5.570	39.725
5.450	39.725
5.390	39.695
5.150	39.755
5.030	39.785
4.910	39.815
4.670	39.845
4.400	39.965
4.130	40.025
4.010	40.115
3.920	40.115
3.860	40.145
3.920	40.205
POLYLINE GRAY
8.420	36.845
8.360	36.875
8.300	36.845
8.180	37.025
8.120	37.355
8.120	39.305
8.180	39.575
8.180	39.755
8.210	39.875
8.210	39.965
8.180	40.085
8.150	40.205
POLYLINE GRAY
10.580	35.525
10.460	35.495
10.400	35.525
10.280	35.465
10.100	35.525
9.950	35.525
9.680	35.615
9.560	35.705
9.500	35.705
9.200	35.975
9.170	36.065
8.570	36.605
8.390	36.725
8.270	36.815
POLYLINE GRAY
13.970	36.935
13.850	36.935
13.550	36.755
13.490	36.755
13.310	36.575
13.190	36.545
13.070	36.455
13.010	36.485
12.890	36.455
12.650	36.395
12.590	36.365
12.470	36.395
12.380	36.395
12.200	36.305
12.140	36.305
12.020	36.155
11.960	36.155
11.840	36.065
11.720	36.035
11.540	35.885
11.480	35.885
11.180	35.675
10.940	35.555
10.910	35.495
10.730	35.465
10.610	35.375
10.550	35.435
POLYLINE GRAY
12.290	30.635
12.320	30.755
12.590	30.965
12.800	31.265
12.890	31.445
12.890	31.715
12.830	31.835
12.710	31.925
12.290	31.925
12.020	31.745
11.810	31.565
11.570	31.325
11.480	31.055
11.510	30.905
11.660	30.725
11.720	30.725
11.900	30.605
12.080	30.605
12.530	30.755
12.770	30.815
12.950	30.995
13.040	31.295
13.040	31.535
12.980	31.655
POLYLINE GRAY
14.240	32.915
14.240	32.855
14.390	33.095
14.390	33.155
14.480	33.275
14.510	33.425
14.540	33.545
14.540	33.845
14.360	34.085
14.000	34.295
13.880	34.325
13.700	34.205
13.490	33.965
13.400	33.695
13.370	33.455
13.400	33.155
13.580	32.855
13.760	32.795
14.000	32.795
14.300	33.065
14.540	33.155
POLYLINE GRAY
14.330	32.675
POLYLINE GRAY
14.240	32.915
POLYLINE GRAY
14.450	32.825
14.540	32.675
14.510	32.615
POLYLINE GRAY
14.810	33.725
14.780	33.545
POLYLINE GRAY
12.020	30.635
12.200	30.545
12.410	30.545
12.590	30.635
12.860	31.085
12.890	31.205
12.800	31.355
12.680	31.445
12.530	31.445
POLYLINE GRAY
15.965	34.040
15.865	33.940
POLYLINE GRAY
5.815	28.140
5.715	28.190
5.615	28.140
5.415	28.240
5.215	28.190
4.715	28.090
4.415	27.790
4.315	27.790
3.565	26.990
3.515	26.740
3.765	26.490
4.065	26.290
4.265	26.340
4.565	26.240
4.815	26.290
5.015	26.340
5.115	26.290
5.515	26.440
5.815	26.690
6.015	26.790
6.415	27.240
POLYLINE GRAY
9.465	27.740
9.065	27.590
8.965	27.590
8.765	27.440
8.615	27.490
8.115	27.340
7.915	27.290
7.815	27.340
7.615	27.290
7.415	27.240
6.465	26.990
6.265	26.940
6.165	26.840
5.965	26.790
5.815	26.640
5.715	26.690
5.265	26.540
5.065	26.540
4.865	26.490
4.465	26.490
4.265	26.440
3.865	26.590
3.615	26.890
3.615	27.090
3.665	27.290
3.965	27.540
4.465	27.790
4.565	27.890
5.265	28.040
5.565	28.090
5.665	28.190
5.765	28.140
5.865	28.240
6.065	28.240
6.165	28.190
6.565	28.490
6.765	28.490
7.065	28.590
7.165	28.690
7.365	28.640
7.565	28.740
7.915	28.740
8.315	28.990
8.865	29.790
8.965	29.790
9.265	29.990
9.465	29.990
9.515	30.090
POLYLINE GRAY
9.315	27.790
9.365	27.990
9.365	28.290
9.315	28.490
9.265	28.940
9.265	29.140
9.315	29.390
9.315	29.890
POLYLINE GRAY
8.265	22.840
8.315	22.640
8.215	22.640
7.915	23.040
7.915	23.390
8.015	23.840
8.015	24.040
8.165	24.590
8.465	25.090
8.465	25.190
8.615	25.440
8.665	25.640
8.715	25.890
8.815	25.990
8.915	26.690
9.065	27.040
9.515	27.640
POLYLINE GRAY
8.515	22.390
POLYLINE GRAY
13.665	26.740
13.265	26.490
12.915	26.090
12.615	25.690
12.265	25.490
12.165	25.290
12.065	25.290
11.665	24.790
11.215	24.290
10.665	23.590
10.315	23.240
10.215	23.090
10.115	23.090
9.315	22.390
9.115	22.390
8.915	22.340
8.715	22.290
8.165	22.540
7.965	22.590
POLYLINE GRAY
17.165	33.620
17.075	33.470
16.985	33.350
16.955	33.230
16.835	32.900
16.835	32.810
16.805	32.690
16.805	32.390
16.745	32.060
16.745	31.910
16.715	31.790
16.715	31.310
16.685	31.190
16.685	31.040
16.655	30.830
16.655	30.410
16.745	30.050
16.745	29.210
16.475	28.400
16.265	28.130
16.235	28.040
15.875	27.740
15.575	27.530
15.485	27.530
15.275	27.380
15.155	27.350
15.005	27.290
14.705	27.110
14.375	26.960
14.255	26.960
14.195	26.900
14.015	26.900
13.745	26.840
13.685	26.870
13.565	26.780
13.445	26.810
POLYLINE GRAY
16.745	38.210
16.865	38.240
17.015	38.210
17.135	38.030
17.135	37.790
17.045	37.400
17.045	37.310
16.985	37.040
16.985	36.260
17.015	36.110
17.015	35.960
17.045	35.810
17.045	35.660
17.075	35.540
17.075	35.360
17.135	34.940
17.165	34.790
17.165	34.220
17.135	34.100
17.135	34.010
17.105	33.890
17.105	33.770
17.075	33.560
17.045	33.440
POLYLINE GRAY
16.355	38.300
16.295	38.330
16.115	38.270
15.635	38.000
14.975	37.520
14.645	37.340
14.015	36.890
13.565	36.530
POLYLINE BLACK
11.105	33.535
11.225	33.625
11.375	33.685
11.555	33.835
11.885	34.075
12.095	34.195
12.155	34.195
12.425	34.375
12.545	34.405
13.025	34.615
13.145	34.645
13.655	34.885
13.775	34.885
13.955	34.945
14.075	34.915
14.255	35.035
14.345	35.035
14.585	35.095
14.705	35.185
14.795	35.185
15.095	35.305
15.305	35.545
15.365	35.755
15.365	36.025
15.395	36.145
15.365	36.265
15.365	36.385
15.305	36.505
15.335	36.625
15.305	36.745
15.245	37.045
15.035	37.405
14.795	37.645
14.675	37.675
14.585	37.735
14.525	37.735
14.465	37.795
14.165	37.855
14.075	37.855
14.015	37.915
13.955	37.885
13.835	37.915
13.775	37.915
13.715	38.095
13.715	38.185
13.625	38.305
13.595	38.395
13.385	38.515
13.205	38.485
13.055	38.545
12.875	38.485
12.485	38.485
12.395	38.455
12.275	38.485
12.035	38.455
11.735	38.485
11.615	38.455
11.555	38.485
11.405	38.455
11.285	38.575
11.225	38.545
11.075	38.635
10.625	38.725
10.205	38.905
10.115	38.905
9.695	39.385
9.425	39.655
9.005	39.985
8.765	40.285
8.375	40.675
8.375	40.735
POLYLINE BLACK
3.815	31.555
3.845	31.495
3.875	31.645
3.905	31.765
4.025	32.125
4.085	32.185
4.115	32.305
4.415	32.755
4.775	33.175
5.165	33.385
5.225	33.385
5.405	33.505
5.525	33.535
5.675	33.565
5.795	33.565
5.855	33.535
5.975	33.565
6.215	33.595
6.455	33.625
6.575	33.655
6.845	33.745
6.905	33.715
6.965	33.775
7.085	33.775
7.145	33.805
7.265	33.775
7.415	33.565
7.535	33.475
7.745	32.995
7.775	32.875
8.015	32.365
8.015	32.035
8.105	31.705
8.195	31.525
8.195	31.045
8.225	30.925
8.225	30.835
8.255	30.715
8.285	30.475
8.255	30.325
8.195	29.905
8.375	29.635
8.615	29.485
8.795	29.485
8.915	29.455
9.125	29.455
9.185	29.515
9.305	29.545
9.515	29.785
9.635	30.115
9.695	30.445
9.755	30.715
10.055	31.225
10.145	31.375
10.235	31.945
10.325	32.275
10.385	32.335
10.385	32.395
10.835	33.175
11.105	33.565
POLYLINE BLACK
3.265	28.705
3.165	28.965
3.165	29.025
3.105	29.185
3.105	29.325
3.205	29.465
3.265	29.525
3.345	29.665
3.365	29.745
3.405	29.885
3.425	30.065
3.425	30.145
3.485	30.285
3.585	30.345
3.745	30.485
3.805	30.625
3.905	30.745
3.965	30.845
4.065	30.945
4.085	31.045
4.085	31.165
3.805	31.525
3.745	31.685
3.785	31.905
3.785	31.985
3.665	32.145
3.445	32.205
3.385	32.285
3.345	32.445
3.205	32.585
3.045	32.745
POLYLINE BLACK
1.005	27.165
1.065	27.245
1.165	27.525
1.165	27.665
1.225	27.885
1.285	28.045
1.285	28.145
1.305	28.225
1.325	28.305
1.345	28.365
1.445	28.465
1.585	28.765
1.585	28.805
1.705	29.005
1.725	29.125
1.765	29.165
1.765	29.205
1.805	29.245
1.845	29.465
1.845	29.525
1.865	29.605
1.865	29.725
1.845	29.805
1.845	29.905
1.765	30.125
1.705	30.465
1.645	30.705
1.645	31.145
1.585	31.345
POLYLINE BLACK
3.565	25.065
3.525	25.045
3.345	25.245
3.265	25.405
3.245	25.485
3.165	25.685
3.165	25.745
3.125	25.905
3.085	26.085
3.025	26.205
3.005	26.285
2.945	26.485
2.945	26.565
2.925	26.645
2.925	26.745
2.945	26.825
2.945	26.965
2.965	27.065
2.945	27.145
2.925	27.305
2.925	27.385
2.945	27.485
3.005	27.725
3.065	27.825
3.065	27.865
3.165	27.965
3.285	28.185
3.325	28.405
3.325	28.565
3.305	28.705
POLYLINE BLACK
1.345	26.365
1.365	26.325
1.425	26.405
1.405	26.485
1.305	26.605
1.265	26.585
1.225	26.625
1.145	26.645
1.045	26.745
1.005	26.905
1.005	26.965
1.045	27.105
POLYLINE BLACK
5.125	24.545
4.985	24.685
4.905	24.685
4.865	24.705
4.785	24.665
4.665	24.705
4.525	24.705
4.445	24.725
4.285	24.725
4.105	24.765
3.985	24.845
3.705	24.905
3.665	24.905
3.625	24.945
3.545	24.965
3.525	25.045
POLYLINE BLACK
1.845	24.485
1.825	24.665
1.825	24.785
1.745	25.045
1.725	25.125
1.665	25.305
1.525	25.585
1.505	25.665
1.445	25.825
1.445	25.925
1.425	26.005
1.385	26.225
1.385	26.305
1.565	26.545
POLYLINE BLACK
0.345	23.565
0.345	23.425
0.325	23.305
0.325	22.685
POLYLINE BLACK
-0.035	23.185
0.145	23.145
0.185	23.165
0.645	23.165
POLYLINE BLACK
0.305	23.545
0.285	23.405
0.265	22.745
0.265	22.705
0.285	23.065
0.325	23.425
0.325	23.205
0.305	22.985
POLYLINE BLACK
-0.035	23.125
-0.115	23.145
0.165	23.085
0.305	23.065
0.385	23.085
0.505	23.085
0.645	23.125
0.625	23.085
0.385	23.045
0.205	23.025
-0.015	23.025
-0.135	23.125
0.085	23.145
0.285	23.125
0.425	23.165
0.565	23.165
0.745	23.145
POLYLINE BLACK
0.345	23.525
0.285	23.145
0.305	22.765
0.325	22.725
0.345	22.765
0.345	23.545
0.305	23.405
0.285	22.725
POLYLINE BLACK
0.225	23.065
0.185	23.105
0.105	23.125
0.245	23.125
0.465	23.145
0.465	23.105
0.425	23.065
0.345	23.045
0.205	23.065
0.165	23.045
0.125	23.065
0.085	23.045
0.085	23.045
0.145	23.045
0.345	23.125
0.545	23.145
0.585	23.165
0.325	23.165
0.205	23.125
0.105	23.125
0.205	23.065
0.505	23.065
0.605	23.045
0.645	23.065
POLYLINE BLACK
0.085	26.105
0.105	26.065
0.305	26.125
0.385	26.145
0.465	26.125
0.545	26.105
0.625	26.045
0.665	26.045
0.745	25.985
0.785	25.885
0.845	25.805
0.865	25.645
0.865	25.565
0.845	25.485
0.825	25.405
0.765	25.265
0.705	25.185
0.685	25.085
0.565	24.845
0.565	24.805
0.485	24.685
0.445	24.465
0.445	24.245
0.425	24.165
0.465	23.925
0.605	23.785
0.765	23.765
0.805	23.785
0.885	23.765
1.005	23.845
1.085	23.845
1.165	23.865
1.325	23.865
1.365	23.905
1.445	23.925
1.505	23.985
1.625	24.065
1.805	24.305
1.865	24.405
1.865	24.445
1.905	24.485
POLYLINE BLACK
0.885	16.745
0.945	16.825
0.945	16.865
1.025	16.985
1.045	17.045
1.165	17.125
1.245	17.185
1.445	17.225
1.605	17.285
1.685	17.305
1.845	17.385
1.885	17.385
2.125	17.645
2.285	17.885
2.285	17.925
2.405	18.085
2.425	18.165
2.485	18.245
2.485	18.285
2.605	18.485
2.665	18.565
2.665	18.605
2.705	18.645
2.705	18.685
2.905	18.985
2.945	19.005
2.985	19.105
3.205	19.445
3.225	19.525
3.325	19.745
3.365	19.905
3.545	20.245
3.565	20.425
3.585	20.505
3.585	20.625
3.605	20.705
3.625	20.865
3.665	21.085
3.825	21.285
3.825	21.325
3.985	21.425
4.085	21.525
4.165	21.585
4.205	21.565
4.325	21.645
4.405	21.665
4.505	21.685
4.585	21.745
4.625	21.745
4.745	21.865
4.805	21.925
4.905	22.085
4.945	22.085
5.085	22.325
5.105	22.405
5.145	22.585
5.165	22.745
5.165	23.245
5.145	23.325
5.145	23.505
5.125	23.605
5.125	23.725
5.105	23.805
5.105	23.945
5.085	24.025
5.085	24.125
5.025	24.365
5.025	24.425
5.005	24.505
5.005	24.545
POLYLINE BLACK
-0.395	18.605
-0.435	18.565
-0.435	18.425
-0.415	18.345
POLYLINE BLACK
3.125	21.425
3.085	21.405
3.145	21.585
3.125	21.765
3.045	22.065
3.045	22.125
2.985	22.285
2.965	22.365
2.805	22.585
2.545	22.765
2.425	22.805
2.345	22.825
2.225	22.905
2.145	22.925
2.065	22.905
1.985	22.925
1.905	22.905
1.825	22.885
1.785	22.905
1.745	22.865
1.705	22.885
1.585	22.845
1.485	22.785
1.405	22.645
1.265	22.545
1.205	22.505
1.125	22.485
1.045	22.425
0.965	22.445
0.885	22.385
0.845	22.385
0.705	22.245
0.665	22.245
0.605	22.165
0.525	22.145
0.485	22.165
0.405	22.105
0.325	22.125
0.205	22.105
0.085	22.145
0.045	22.105
-0.135	22.105
-0.175	22.085
-0.195	22.125
-0.215	22.085
-0.295	22.125
-0.315	22.085
-0.355	22.105
-0.395	22.065
-0.475	22.065
-0.575	21.925
-0.575	21.465
-0.415	21.145
-0.395	21.045
-0.355	20.925
-0.235	20.885
-0.175	20.805
-0.215	20.665
-0.255	20.625
-0.255	20.565
-0.275	20.485
-0.275	20.445
-0.215	20.405
POLYLINE BLACK
-0.085	20.765
POLYLINE BLACK
0.515	19.085
0.755	19.235
1.145	19.565
1.325	19.835
1.685	20.255
1.835	20.435
1.865	20.525
2.345	20.915
2.435	20.915
2.495	20.975
2.555	20.975
2.615	21.035
2.675	21.035
2.915	21.215
3.035	21.245
3.185	21.395
3.215	21.455
POLYLINE BLACK
7.215	10.375
6.865	10.625
6.315	11.525
6.065	12.375
5.915	12.625
5.865	12.825
5.265	14.025
5.215	14.275
5.165	14.475
POLYLINE BLACK
7.515	8.725
7.515	8.975
7.465	9.225
7.415	9.775
7.415	10.525
7.265	10.875
7.015	11.225
6.765	11.375
6.365	11.925
6.065	12.525
6.065	12.725
5.965	13.175
5.915	13.425
5.515	14.325
5.265	14.625
POLYLINE BLACK
8.515	9.125
8.315	9.125
8.215	9.075
8.115	9.175
8.015	9.175
7.765	9.475
7.715	9.625
7.115	10.125
6.965	10.575
6.965	10.775
POLYLINE BLACK
7.965	9.075
8.015	8.875
8.265	8.325
8.365	8.225
8.365	8.125
8.515	7.925
8.865	6.925
8.915	6.725
9.265	6.025
9.315	5.825
9.665	4.725
9.665	4.575
9.815	4.175
9.815	4.025
9.865	3.825
9.915	3.375
10.015	3.275
10.065	3.075
10.315	2.325
10.365	2.125
10.415	1.925
10.515	1.425
10.515	0.975
10.565	0.725
10.615	0.325
10.615	0.075
10.865	-0.625
10.765	-0.725
10.565	-0.725
10.315	-0.625
10.115	-0.325
9.965	0.225
10.015	0.425
10.015	0.775
10.065	0.975
9.915	1.625
9.865	2.025
9.865	2.275
9.615	2.525
9.415	2.575
9.215	2.625
9.115	2.625
8.965	2.875
8.515	3.175
8.515	3.375
8.465	3.475
8.515	3.675
8.565	4.125
8.515	4.375
8.115	4.975
7.865	5.275
7.615	5.825
7.515	6.625
7.515	7.575
7.465	7.825
7.465	8.325
7.415	8.525
7.415	8.775
7.315	9.125
POLYLINE BLACK
7.515	5.625
7.465	5.825
7.515	6.075
7.515	7.125
7.365	7.875
7.365	8.425
7.265	8.725
7.115	8.925
7.115	9.025
POLYLINE CONNECT
9.715	2.975
1.293	17.567
POLYLINE BLACK
-0.355	18.565
-0.355	18.865
-0.325	19.015
-0.325	19.195
-0.295	19.315
-0.295	19.435
-0.235	19.675
-0.205	19.945
-0.175	20.065
-0.175	20.425
-0.115	20.785
POLYLINE BLACK
-0.355	18.295
-0.385	18.235
-0.325	18.235
-0.265	18.175
-0.085	18.235
0.035	18.325
0.065	18.445
0.125	18.505
0.125	18.565
0.185	18.625
0.185	18.685
0.335	18.895
0.515	19.045
POLYLINE BLACK
-5.965	17.275
-6.025	17.335
-6.025	17.515
-5.815	18.055
-5.785	18.175
-5.725	18.235
-5.725	18.325
-5.635	18.445
-5.635	18.535
-5.335	18.895
-5.035	19.165
-4.975	19.135
-4.915	19.195
-4.855	19.195
-4.795	19.255
-4.735	19.225
-4.675	19.255
-4.615	19.225
-4.495	19.255
-4.375	19.225
-4.195	19.225
-3.955	19.165
-3.565	19.075
-3.385	19.015
-2.875	18.535
-2.725	18.535
-2.485	18.445
-2.335	18.475
-2.095	18.415
-1.975	18.385
-1.735	18.205
-1.705	18.145
-1.555	18.115
-1.495	17.965
-1.285	17.665
-1.225	17.455
-1.375	17.005
-1.525	16.915
-1.705	16.795
-1.765	16.825
POLYLINE RED
-12.685	36.490
-12.700	36.520
-12.760	36.475
-12.790	36.370
-12.790	36.340
-12.775	36.280
-12.745	36.250
-12.700	36.250
-12.670	36.265
-12.610	36.385
-12.595	36.490
-12.625	36.610
-12.655	36.640
-12.715	36.625
POLYLINE RED
-13.210	36.250
-13.180	36.280
-13.165	36.355
-13.135	36.460
-13.135	36.400
-13.105	36.295
-13.075	36.250
-13.045	36.235
-12.970	36.310
-12.955	36.370
-12.910	36.460
-12.865	36.625
POLYLINE RED
-13.315	36.490
-13.330	36.370
-13.330	36.160
POLYLINE RED
-13.675	36.310
-13.690	36.235
-13.690	36.205
-13.690	36.310
-13.705	36.385
-13.705	36.415
-13.720	36.445
-13.705	36.340
-13.615	36.235
-13.570	36.250
-13.495	36.370
-13.480	36.400
-13.480	36.190
-13.465	36.130
-13.465	36.085
-13.450	36.055
POLYLINE RED
-13.900	36.340
-13.855	36.280
POLYLINE RED
-14.080	36.355
-14.155	36.325
-14.245	36.205
-14.260	36.145
-14.260	36.100
-14.215	36.040
-14.155	36.025
-14.035	36.085
-14.005	36.160
-13.975	36.190
-13.975	36.235
-13.900	36.430
-13.870	36.415
-13.825	36.340
-13.825	36.310
-13.795	36.205
-13.795	36.160
-13.765	36.070
POLYLINE RED
-10.810	35.440
-10.840	35.455
-10.840	35.455
-10.840	35.485
-10.870	35.500
-10.900	35.470
-10.915	35.395
-10.885	35.380
-10.855	35.410
-10.825	35.515
-10.840	35.560
-10.870	35.560
-10.930	35.515
-10.930	35.470
-10.870	35.470
-10.840	35.485
-10.825	35.515
-10.870	35.545
-10.900	35.515
-10.900	35.485
-10.885	35.455
-10.855	35.455
-10.825	35.485
-10.825	35.515
-10.855	35.530
-10.885	35.515
-10.900	35.440
-10.885	35.410
-10.855	35.410
-10.810	35.485
-10.810	35.560
-10.840	35.590
-10.900	35.560
-10.930	35.515
-10.930	35.485
-10.870	35.440
-10.840	35.440
-10.765	35.530
-10.825	35.545
-10.885	35.500
-10.855	35.485
-10.915	35.485
-11.020	35.545
-11.350	35.665
-11.395	35.695
-11.530	35.740
-11.575	35.740
-11.650	35.785
-11.725	35.800
-11.845	35.875
-11.920	35.920
-11.950	35.920
-12.070	35.995
-12.115	35.995
-12.175	36.025
-12.220	36.025
-12.280	36.055
-12.310	36.055
-12.400	36.085
-12.400	36.115
POLYLINE BLACK
-4.940	51.460
-4.940	51.310
-4.990	51.110
-5.040	50.910
-5.090	50.810
POLYLINE BLACK
-5.540	54.210
-5.390	53.560
-5.490	53.210
-5.290	52.710
-5.090	52.510
-5.090	52.260
POLYLINE BLACK
-6.240	55.560
-6.240	55.210
-6.040	54.910
-5.940	54.810
-5.940	54.710
POLYLINE BLACK
-6.540	56.110
-6.590	55.910
POLYLINE BLACK
-6.590	56.660
-6.590	56.510
POLYLINE BLACK
-7.290	57.310
-7.040	56.910
POLYLINE BLACK
-7.990	57.610
-7.890	57.510
-7.690	57.460
-7.590	57.510
-7.490	57.460
POLYLINE BLACK
-8.190	58.360
-8.240	58.160
-8.240	57.910
POLYLINE BLACK
-8.440	59.060
POLYLINE BLACK
-8.840	59.160
POLYLINE BLACK
-9.040	59.410
POLYLINE BLACK
-9.240	59.860
POLYLINE BLACK
-10.140	60.310
-9.840	60.110
-9.640	60.060
POLYLINE BLACK
-10.840	60.060
-10.540	60.260
POLYLINE BLACK
-11.540	59.610
-11.340	59.810
POLYLINE BLACK
-12.140	58.960
-12.040	59.310
POLYLINE BLACK
-12.690	57.860
-12.690	58.060
-12.590	58.310
POLYLINE BLACK
-13.240	56.060
-13.240	56.360
-13.190	56.510
POLYLINE BLACK
-13.340	54.610
-13.390	54.810
POLYLINE BLACK
-12.990	53.610
-13.040	53.810
-13.140	54.060
POLYLINE BLACK
-12.540	52.660
-12.690	52.960
POLYLINE BLACK
-12.140	51.560
-12.240	51.810
POLYLINE BLACK
-11.640	51.010
-11.740	51.110
POLYLINE BLACK
-11.490	50.060
POLYLINE BLACK
-11.240	49.560
POLYLINE BLACK
2.610	62.760
2.760	62.510
2.860	62.360
POLYLINE BLACK
-1.400	55.310
-1.400	55.580
-1.370	55.700
-1.370	55.790
-1.220	56.090
-1.130	56.000
-1.010	55.670
-1.010	55.580
-0.980	55.430
-0.980	55.370
-1.100	55.310
-1.370	55.370
-1.490	55.370
-1.640	55.400
-1.460	55.460
-1.370	55.460
POLYLINE BLACK
-2.450	55.640
-2.480	55.490
-2.480	55.790
-2.420	55.940
-2.330	56.000
-2.210	56.000
-1.940	55.910
-1.820	55.790
-1.790	55.700
-1.910	55.460
-2.450	55.130
-2.570	55.100
-2.660	55.220
-2.570	55.370
-2.510	55.400
POLYLINE BLACK
-3.530	55.070
-3.560	55.280
-3.560	55.520
-3.470	55.790
-3.410	55.850
-3.200	55.880
-3.140	55.820
-3.320	55.550
-3.470	55.490
-3.380	55.550
-3.260	55.520
-3.170	55.520
-2.960	55.460
-2.780	55.340
POLYLINE BLACK
-4.280	55.730
-4.160	55.820
-4.070	55.820
-3.920	55.880
-3.830	55.880
POLYLINE BLACK
-4.400	55.550
-4.340	55.520
-4.190	55.550
POLYLINE BLACK
-4.340	55.610
-4.400	55.610
-4.670	55.280
-4.670	55.220
-4.400	55.190
-4.160	55.280
POLYLINE BLACK
-5.240	55.910
-5.390	55.370
-5.390	55.280
-5.300	55.700
-5.300	55.730
-5.210	55.640
-5.150	55.610
-4.910	55.730
-4.760	55.910
-4.790	55.760
-4.910	55.310
-4.910	55.160
-4.850	54.950
POLYLINE BLACK
-4.040	56.690
-4.160	56.660
-4.250	56.330
-4.250	56.270
-4.100	56.240
-3.860	56.180
POLYLINE BLACK
-3.350	56.540
-3.530	56.330
-3.530	56.240
-3.590	56.060
-3.590	55.940
POLYLINE BLACK
-4.340	56.510
-4.340	56.510
-4.340	56.660
-4.280	56.810
-4.160	56.840
-3.980	56.780
-3.800	56.600
-3.770	56.480
-3.860	56.330
-4.100	56.150
POLYLINE BLACK
-2.090	57.710
-2.150	57.740
-2.270	57.710
-2.390	57.590
-2.480	57.380
-2.480	57.230
-2.420	57.110
-2.330	57.110
-2.120	57.260
-1.970	57.440
-1.910	57.620
-1.910	57.710
-2.030	57.830
-2.180	57.860
-2.360	57.800
-2.420	57.740
POLYLINE BLACK
-2.630	57.830
-2.720	57.920
-2.900	57.890
-3.200	57.650
-3.350	57.410
-3.350	57.260
-3.230	57.170
-3.080	57.170
-2.930	57.200
-2.690	57.260
POLYLINE BLACK
-3.980	58.010
-4.040	57.920
-4.130	57.410
-4.130	57.230
-4.100	57.110
-4.040	57.050
-3.860	57.260
-3.620	57.740
-3.530	57.980
POLYLINE BLACK
-5.060	57.710
-5.120	57.710
-5.150	57.560
-5.150	57.110
-5.180	57.260
-5.210	57.590
-5.210	57.800
-5.090	58.010
-4.940	58.100
-4.850	58.100
-4.700	57.950
-4.670	57.830
-4.910	57.620
-4.820	57.620
-4.520	57.470
-4.340	57.320
-4.310	57.230
-4.370	57.110
-4.550	56.990
-4.730	56.960
-4.820	56.930
-4.910	56.960
-5.060	56.930
-5.120	56.960
POLYLINE BLACK
-5.690	57.200
-5.690	57.140
-5.870	56.810
-5.930	56.750
-6.020	56.480
-5.990	56.300
-6.080	56.030
-6.080	55.760
-6.140	55.460
-6.140	55.280
-6.110	55.130
-6.140	55.010
-6.230	54.890
-6.260	54.680
-6.200	54.620
-6.230	54.500
-6.410	54.230
POLYLINE BLACK
-5.540	58.100
-5.630	57.920
-5.660	57.800
-5.630	57.710
-5.780	57.440
POLYLINE BLACK
-5.450	58.430
-5.600	58.250
POLYLINE BLACK
-5.240	58.880
-5.330	58.760
POLYLINE BLACK
-5.480	59.090
-5.390	59.000
POLYLINE BLACK
-5.870	59.240
-5.810	59.240
POLYLINE BLACK
-6.350	59.150
-6.290	59.210
-6.230	59.180
POLYLINE BLACK
-6.770	59.090
POLYLINE BLACK
-6.950	58.580
-6.980	58.640
POLYLINE BLACK
-7.040	58.100
-7.070	58.160
POLYLINE BLACK
-7.190	57.560
-7.220	57.680
POLYLINE BLACK
-7.220	56.900
-7.280	57.050
POLYLINE BLACK
-7.310	56.390
-7.340	56.510
POLYLINE BLACK
-7.340	55.880
-7.370	56.030
POLYLINE BLACK
-7.430	55.430
-7.400	55.550
POLYLINE BLACK
-7.550	55.160
POLYLINE BLACK
-7.550	54.530
POLYLINE BLACK
-7.070	46.070
-7.010	45.860
-6.920	46.070
-6.590	46.700
-6.410	47.090
-6.410	47.180
-6.260	47.480
-6.230	47.600
-6.080	47.930
-5.900	48.230
-5.870	48.350
-5.810	48.350
-5.660	48.560
-5.420	48.800
-5.330	48.920
-5.300	49.040
-5.240	49.280
-5.270	49.340
-5.240	49.460
-5.210	49.730
-5.150	50.060
-5.120	50.300
-5.120	50.630
-5.150	50.780
-5.300	51.410
-5.360	51.530
-5.360	51.620
-5.480	51.860
-5.510	51.980
-5.720	52.460
-5.930	52.760
-6.260	53.270
-6.680	53.780
-6.860	53.960
-6.950	54.050
-7.130	54.170
-7.250	54.170
-7.520	54.230
-7.880	54.050
-8.120	53.870
-8.270	53.780
-8.900	53.180
-9.560	52.730
-9.770	52.580
-10.070	52.220
-10.130	52.190
-10.220	51.980
-10.370	51.740
-10.550	51.410
-10.580	51.290
-10.670	51.020
-10.670	50.870
-10.760	50.630
-10.760	50.420
-10.790	50.270
-10.790	49.220
-10.760	49.010
-10.760	48.710
-10.880	48.380
-10.880	48.230
-10.910	48.110
-10.910	47.840
-11.120	47.120
-11.150	46.880
-11.150	46.790
-11.060	46.640
POLYLINE BLACK
-8.270	41.810
-8.330	41.990
-8.330	42.110
-8.360	42.260
-8.360	42.980
-8.240	43.370
-8.240	43.490
-8.150	43.940
-8.120	44.060
-7.970	44.300
-7.880	44.690
-7.790	44.810
-7.760	44.930
-7.700	44.990
-7.640	45.260
-7.550	45.500
-7.460	45.650
-7.220	45.890
POLYLINE BLACK
-11.090	42.770
-10.850	43.460
-10.850	43.730
-10.820	43.880
-10.820	43.970
-10.880	44.240
-10.880	44.450
-10.910	44.630
-10.910	44.870
-11.030	45.380
-11.060	45.500
-11.120	45.830
-11.120	45.920
-11.150	46.040
-11.180	46.310
-11.180	46.430
-11.210	46.580
-11.210	46.760
-11.180	46.820
POLYLINE BLACK
-5.510	30.060
-5.510	30.410
-5.810	31.160
-6.610	32.510
-6.610	32.760
-6.660	32.960
-6.660	33.360
-6.760	33.760
-6.860	34.310
-6.960	34.410
-6.960	34.660
-7.010	34.860
-7.010	35.910
-6.960	36.110
-6.960	36.460
-6.910	36.660
-6.910	36.810
-6.960	37.010
-6.910	37.210
-6.960	37.660
-7.060	38.110
-7.110	38.310
-7.210	38.710
-7.260	38.960
-7.310	39.160
-7.410	39.610
-7.660	40.360
-7.860	40.810
-7.910	41.010
-8.110	41.610
-8.310	41.910
-8.460	42.060
POLYLINE BLACK
-11.310	31.210
-11.110	31.660
-11.110	32.260
-11.160	32.510
-11.110	32.710
-11.110	33.110
-11.160	33.310
-11.160	33.560
-11.110	33.760
-11.110	34.260
-11.160	34.460
-11.160	34.610
-11.210	34.810
-11.210	35.310
-11.160	35.510
-11.160	36.360
-11.210	36.560
-11.210	36.960
-11.260	37.210
-11.410	37.910
-11.410	38.610
-11.360	38.810
-11.360	39.060
-11.410	39.260
-11.460	39.660
-11.510	40.060
-11.460	40.310
-11.510	40.860
-11.510	41.110
-11.210	42.110
-11.110	42.610
-11.010	42.810
POLYLINE BLACK
-7.490	24.830
-7.430	25.160
-7.430	25.430
-7.460	25.580
-7.310	26.360
-7.130	26.720
-7.100	26.870
-6.710	27.740
-6.590	27.920
-6.560	28.040
-6.440	28.340
-6.350	28.490
-6.200	28.820
-5.990	29.150
-5.990	29.210
-5.720	29.630
-5.690	29.780
-5.600	29.900
-5.570	30.020
-5.540	30.230
POLYLINE BLACK
-11.570	29.300
-11.540	29.150
-11.450	29.240
-11.390	29.420
-11.360	29.630
-11.390	29.750
-11.360	29.870
-11.360	29.990
-11.300	30.230
-11.300	30.350
-11.270	30.500
-11.270	30.650
-11.240	30.710
-11.270	30.770
-11.240	30.890
-11.270	30.950
-11.210	31.220
-11.210	31.340
POLYLINE BLACK
-7.370	24.950
-7.430	24.950
-7.700	25.250
-7.730	25.310
POLYLINE BLACK
-7.550	23.570
-7.610	23.630
-7.670	23.630
-7.760	23.960
-7.700	24.290
-7.640	24.350
-7.610	24.470
-7.550	24.680
-7.550	24.920
POLYLINE BLACK
-13.430	31.010
-13.310	31.100
-13.250	31.100
-13.190	31.160
-13.070	31.190
-12.950	31.160
-12.890	31.160
-12.740	31.070
-12.620	31.040
-12.320	30.740
-12.050	30.320
-12.050	30.230
-11.780	29.750
-11.690	29.360
-11.570	29.120
-11.570	29.060
-11.510	29.000
-11.480	28.880
POLYLINE BLACK
-14.240	29.300
-14.270	29.360
-14.180	29.690
-14.060	29.870
-13.760	30.290
-13.610	30.560
-13.580	30.680
-13.490	30.890
-13.430	30.950
POLYLINE BLACK
-12.260	20.510
-12.350	20.600
-12.410	20.600
-12.470	20.660
-12.680	20.660
-13.070	20.750
-13.190	20.780
-13.310	20.840
-13.370	20.810
-13.430	20.870
-13.700	20.930
-13.760	20.990
-14.060	21.050
-14.180	21.080
-14.390	21.170
-14.510	21.260
-14.630	21.260
-14.870	21.500
-14.960	21.590
-15.050	21.920
-15.110	22.340
-15.020	22.790
-14.840	23.360
-14.840	23.510
-14.720	23.960
-14.720	24.110
-14.660	24.230
-14.660	24.320
-14.630	24.470
-14.540	24.950
-14.540	25.400
-14.510	25.550
-14.510	25.850
-14.480	25.970
-14.480	26.870
-14.510	27.080
-14.510	27.260
-14.480	27.410
-14.450	27.680
-14.450	27.830
-14.420	27.980
-14.420	28.490
-14.390	28.700
-14.360	28.850
-14.180	29.360
POLYLINE BLACK
-5.060	23.360
-5.120	23.330
-5.180	23.360
-5.480	23.240
-5.570	23.180
-5.810	23.120
-5.870	23.090
-5.930	23.120
-6.050	23.090
-6.140	23.090
-6.560	22.880
-6.740	22.880
-6.800	22.850
-7.040	22.910
-7.100	22.910
-7.280	23.030
-7.490	23.120
-7.670	23.360
-7.730	23.570
POLYLINE BLACK
-10.910	18.560
-10.820	18.980
-10.820	19.310
-11.030	19.610
-11.120	19.760
-11.180	19.760
-11.270	19.880
-11.390	19.880
-11.750	20.180
-11.870	20.210
-12.110	20.510
-12.140	20.570
POLYLINE BLACK
-11.620	20.630
-11.680	20.630
-11.800	20.510
-11.840	20.370
-11.780	20.290
-11.680	20.330
-11.580	20.530
-11.580	20.670
-11.620	20.710
-11.680	20.710
-11.920	20.590
POLYLINE BLACK
-12.460	20.210
-12.400	20.310
-12.380	20.390
-12.280	20.590
-12.200	20.410
-12.120	20.390
-12.080	20.390
-12.000	20.470
-11.920	20.670
POLYLINE BLACK
-12.660	20.610
-12.660	20.510
-12.680	20.430
-12.680	20.370
-12.700	20.290
-12.700	20.250
POLYLINE BLACK
-13.220	20.410
-13.220	20.190
-13.200	20.310
-13.200	20.530
-13.220	20.610
-13.220	20.610
-13.160	20.510
-13.080	20.490
-12.960	20.550
-12.940	20.590
-12.900	20.490
-12.900	20.030
POLYLINE BLACK
-13.660	20.330
-13.680	20.290
-13.520	20.230
POLYLINE BLACK
-13.720	19.970
-13.720	20.030
-13.680	20.130
-13.680	20.190
-13.580	20.490
-13.520	20.610
-13.480	20.570
-13.480	20.090
POLYLINE BLACK
-13.980	20.530
-13.980	20.610
-14.020	20.630
-14.160	20.530
-14.240	20.370
-14.240	20.230
-14.220	20.130
-14.180	20.090
-14.120	20.090
-13.980	20.030
-13.860	20.090
POLYLINE RED
-9.800	18.350
-9.960	18.510
-10.220	18.670
-10.300	18.750
-10.440	18.830
-10.640	18.950
-10.860	19.090
-11.040	19.230
-11.220	19.350
-11.380	19.470
-11.580	19.670
-11.880	19.910
-11.920	19.930
-11.840	19.930
POLYLINE RED
-9.820	18.350
-9.820	18.350
-9.820	18.350
-9.840	18.390
-9.880	18.390
-9.900	18.310
-9.880	18.270
-9.840	18.290
-9.800	18.270
-9.760	18.310
-9.760	18.350
-9.800	18.390
-9.840	18.390
-9.880	18.350
-9.880	18.250
-9.840	18.230
-9.780	18.270
-9.780	18.350
-9.820	18.370
-9.860	18.310
-9.840	18.230
-9.760	18.250
-9.720	18.290
-9.720	18.370
-9.780	18.370
-9.840	18.310
-9.780	18.250
-9.720	18.330
-9.740	18.370
-9.840	18.310
-9.860	18.270
-9.820	18.230
-9.780	18.230
-9.740	18.270
POLYLINE BLACK
-5.310	23.330
-5.100	23.330
-4.950	23.360
-4.740	23.390
-4.440	23.480
-3.960	23.720
-3.750	23.870
-3.120	24.230
-2.910	24.410
-2.580	24.590
-2.280	24.740
-1.740	25.130
-1.470	25.310
-1.320	25.370
-1.170	25.460
-0.810	25.640
-0.330	25.940
0.030	26.030
0.240	26.120
POLYLINE BLACK
-4.560	15.470
-4.680	15.470
-4.920	15.380
-5.040	15.350
-5.310	15.380
-5.610	15.530
-5.820	15.800
-5.970	16.190
-5.970	16.280
-6.030	16.520
-6.060	16.850
-6.030	16.970
-6.030	17.060
-5.970	17.300
-6.120	17.120
-6.150	16.640
-6.090	16.460
POLYLINE BLACK
-4.650	15.440
-4.710	15.560
-4.860	15.620
-4.920	15.680
-5.040	15.710
-5.280	15.860
-5.490	16.100
-5.850	16.670
-5.880	16.880
-5.850	16.940
POLYLINE BLACK
-11.280	8.270
-10.980	8.780
-10.920	8.990
-10.800	9.260
-10.710	9.500
POLYLINE BLACK
-10.590	8.870
-10.950	8.480
-11.100	8.180
-11.100	8.270
-11.010	8.540
-10.770	8.870
-10.020	9.560
POLYLINE BLACK
-11.070	9.290
-11.070	9.110
-11.100	8.990
-11.100	8.750
-11.190	8.480
-11.310	8.300
-11.160	8.510
-10.950	8.930
-10.800	9.410
-10.800	9.500
-10.650	10.070
-10.620	10.250
POLYLINE BLACK
-9.900	9.320
-10.440	8.810
-10.890	8.360
-11.040	8.210
POLYLINE BLACK
-10.920	9.950
-10.890	9.830
-10.920	9.770
-10.920	9.650
-11.190	9.020
-11.280	8.660
POLYLINE BLACK
-9.750	9.590
-9.990	9.200
-10.260	8.900
POLYLINE BLACK
-8.340	10.520
-8.430	10.550
-8.490	10.520
-8.550	10.550
-8.790	10.460
-9.060	10.280
-9.390	9.980
-9.750	9.350
-9.780	9.200
-9.810	9.080
POLYLINE BLACK
-11.160	9.500
-11.070	9.530
-10.770	10.070
-10.650	10.250
-10.470	10.730
-10.350	10.910
-10.320	11.030
-10.020	11.690
-9.840	12.260
-9.840	12.380
-9.750	12.770
-9.840	12.650
-9.900	12.410
-10.170	11.750
-10.230	11.570
POLYLINE BLACK
-8.190	10.430
-8.340	10.580
-8.460	10.640
-8.550	10.640
-8.610	10.670
-8.730	10.580
-8.850	10.580
-9.120	10.310
-9.420	9.950
-9.600	9.680
-9.660	9.620
-9.690	9.500
-10.080	8.960
POLYLINE BLACK
-9.990	12.590
-9.930	12.620
-9.840	12.770
-9.630	13.040
-9.480	13.190
-9.330	13.250
-8.940	13.910
-8.910	14.090
-8.970	14.420
-9.000	14.540
-9.060	14.750
-9.150	14.870
-9.180	14.990
-9.330	15.320
-9.330	15.380
-9.600	15.830
-9.870	16.220
-10.050	16.550
-10.290	16.940
-10.380	17.150
-10.650	17.540
-10.860	17.900
-10.950	18.050
-10.980	18.290
-10.980	18.560
-10.950	18.620
POLYLINE BLACK
-10.080	13.010
-10.020	12.680
POLYLINE BLACK
-4.110	20.330
POLYLINE BLACK
-1.470	16.970
-1.410	16.910
-1.290	16.940
-1.230	16.940
-1.050	17.090
POLYLINE BLACK
-1.290	17.120
-1.830	16.580
-2.070	16.460
-2.190	16.340
-2.580	16.130
-2.940	15.920
-3.390	15.620
-3.510	15.590
-3.630	15.500
-3.750	15.500
-3.870	15.470
-3.930	15.470
-3.990	15.410
-4.110	15.440
-4.350	15.380
-4.440	15.380
-4.560	15.350
-4.680	15.380
-4.740	15.350
-4.800	15.380
POLYLINE BLACK
-1.080	13.430
-0.480	14.690
-0.300	14.960
0.030	15.560
0.180	15.800
0.210	15.890
0.360	16.040
0.600	16.430
0.810	16.730
1.020	16.970
1.020	17.030
POLYLINE BLACK
-1.250	11.690
-1.250	11.490
-1.450	11.190
-1.550	11.090
POLYLINE BLACK
-1.400	11.340
-1.450	11.690
-1.400	11.890
-1.300	12.540
-1.100	13.390
-1.000	13.590
POLYLINE BLACK
-7.350	9.440
-7.150	8.790
-7.400	9.090
-7.950	10.240
-8.350	10.740
-8.950	11.340
-9.300	11.890
-9.450	11.940
-9.550	12.190
-9.650	12.190
-9.850	12.390
-9.950	12.390
POLYLINE BLACK
-0.700	5.460
-0.970	5.520
-1.240	5.520
-1.480	5.400
-1.570	5.400
-1.930	5.280
-2.290	5.040
-2.470	4.920
-2.590	4.890
-3.010	4.680
-3.250	4.620
-3.370	4.590
-3.430	4.620
-3.490	4.590
-3.610	4.710
-3.670	4.710
-3.820	4.890
-3.880	5.160
-3.910	5.340
-3.880	5.460
-3.880	5.700
-3.850	5.820
-3.850	6.360
-3.880	6.480
-3.880	6.840
-3.850	7.050
-3.850	7.140
-3.790	7.380
-3.760	7.650
-3.760	8.130
-3.670	8.520
-3.640	8.670
-3.430	9.180
-3.220	9.390
-2.980	9.690
-2.890	9.810
-2.830	9.810
-2.500	10.170
-2.380	10.200
-2.230	10.410
-2.170	10.410
-2.050	10.530
-2.020	10.620
-1.840	10.740
-1.240	11.340
POLYLINE BLACK
-5.740	2.190
-5.890	2.340
-5.980	2.640
-5.980	2.730
-6.100	2.970
-6.100	3.420
-6.130	3.540
-6.130	3.660
-6.160	3.870
-6.220	4.200
-6.220	4.320
-6.250	4.470
-6.250	4.740
-6.280	4.890
-6.280	4.980
-6.310	5.130
-6.310	5.250
-6.340	5.460
-6.340	5.550
-6.400	5.850
-6.400	6.000
-6.460	6.240
-6.460	6.390
-6.730	7.200
-6.850	7.470
-6.850	7.560
-6.940	7.830
-7.000	8.310
-7.120	8.670
-7.150	8.790
-7.240	9.060
-7.330	9.240
POLYLINE BLACK
-5.380	1.880
-5.440	1.850
-5.500	1.880
-5.620	1.850
-6.100	2.270
POLYLINE BLACK
2.120	5.900
1.880	5.900
1.730	5.870
1.610	5.900
1.430	5.900
1.370	5.870
1.160	5.900
0.860	5.780
0.710	5.690
0.530	5.660
0.380	5.540
0.170	5.480
0.050	5.450
-0.130	5.390
-0.190	5.330
-0.310	5.330
-0.490	5.270
-0.610	5.240
-0.850	5.300
-0.970	5.270
-1.090	5.360
POLYLINE BLACK
-3.700	0.530
-4.090	0.710
-4.690	1.400
-4.870	1.520
-4.930	1.580
-5.050	1.610
-5.260	1.760
-5.380	1.790
-5.740	2.060
POLYLINE BLACK
-0.640	-0.130
-0.520	-0.100
-0.310	-0.220
-0.220	-0.490
-0.250	-0.640
-0.370	-0.820
-0.430	-1.000
-0.490	-1.060
POLYLINE BLACK
0.200	-1.090
0.140	-1.030
0.170	-0.910
0.230	-0.760
0.320	-0.610
0.650	-0.100
0.830	0.080
0.740	0.080
0.680	0.020
0.530	-0.010
0.260	-0.220
0.050	-0.640
0.050	-0.790
0.020	-0.910
0.020	-0.910
0.140	-0.610
0.500	-0.160
0.710	0.050
0.620	0.050
0.350	-0.220
0.260	-0.250
-0.010	-0.610
-0.040	-0.820
-0.040	-1.000
POLYLINE BLACK
-0.730	-0.040
-0.610	-0.160
-0.610	-0.220
-0.550	-0.280
-0.520	-0.610
-0.520	-0.790
-0.550	-0.940
-0.550	-1.060
-0.430	-0.940
-0.400	-0.820
-0.310	-0.550
-0.310	-0.370
-0.430	-0.190
-0.610	-0.130
-0.430	-0.310
-0.340	-0.490
-0.340	-0.760
-0.460	-1.030
-0.460	-1.120
-0.490	-1.180
-0.430	-1.180
POLYLINE BLACK
0.710	0.140
0.590	0.110
0.320	-0.190
0.110	-0.670
0.110	-0.760
0.020	-1.060
0.020	-1.150
-0.010	-1.270
POLYLINE BLACK
0.410	-0.130
-0.070	-0.250
-0.250	-0.220
-0.370	-0.250
-0.610	-0.190
-0.730	-0.220
-0.910	-0.160
-0.970	-0.190
-1.030	-0.160
-1.180	-0.190
-1.450	-0.160
-1.780	-0.040
-1.900	-0.040
-2.110	0.020
-2.260	0.020
-2.440	0.080
-3.010	0.200
-3.130	0.320
-3.250	0.320
-3.610	0.440
-3.820	0.500
POLYLINE BLACK
1.190	0.110
1.490	0.350
1.820	0.680
1.970	0.860
2.060	1.010
2.270	1.340
2.390	1.430
2.570	1.910
2.660	2.150
2.720	2.210
2.720	2.390
2.840	2.630
2.870	2.750
3.020	3.260
3.110	3.590
3.170	3.920
3.200	4.190
3.260	4.670
3.290	4.940
3.260	5.180
3.230	5.300
2.960	5.570
2.570	5.780
2.240	5.840
2.120	5.840
2.000	5.870
1.940	5.870
POLYLINE BLACK
0.380	-0.130
0.740	0.020
0.860	0.050
0.980	0.170
1.100	0.140

ELEVATION
STATIONS
0.000	0.000	1.0
1.040	1.298	1.1
5.423	2.995	1.2
7.658	4.823	1.3
12.565	5.274	1.4
17.550	6.842	1.5
21.939	7.531	1.6
25.564	9.475	1.7
27.001	9.368	1.8
31.270	6.532	1.9
34.005	5.230	1.10
41.183	2.623	1.11
45.403	0.185	1.12
53.295	-0.951	1.13
56.446	-1.608	1.14
58.436	-2.274	1.15
23.803	6.321	1.16
28.274	6.607	1.17
30.856	7.224	1.18
33.766	8.055	1.19
36.469	9.531	1.20
39.195	11.667	1.21
42.859	9.928	1.33
46.365	8.659	1.34
54.331	4.968	1.35
58.305	3.550	1.36
62.839	1.219	1.37
64.669	0.207	1.38
72.335	-0.081	1.39
75.156	1.012	1.40
68.074	0.716	1.41
73.597	1.921	1.42
78.094	2.662	1.43
77.529	1.168	1.44
47.412	15.268	1.45
50.223	16.353	1.46
52.259	17.435	1.47
56.280	23.000	1.48
59.056	22.317	1.49
58.600	25.602	1.50
63.894	23.230	1.51
65.001	21.592	1.52
62.941	28.424	1.53
SHOTS
56.280	23.000	62.941	28.424
63.894	23.230	65.001	21.592
65.001	21.592	67.067	19.732
65.001	21.592	66.912	19.872
65.001	21.592	66.885	20.990
65.001	21.592	67.295	18.048
58.600	25.602	63.894	23.230
56.280	23.000	58.600	25.602
58.600	25.602	59.023	25.588
58.600	25.602	58.376	25.682
58.600	25.602	63.656	24.565
58.600	25.602	63.419	24.507
58.600	25.602	63.402	24.290
58.600	25.602	60.915	25.246
56.280	23.000	59.056	22.317
52.259	17.435	56.280	23.000
56.280	23.000	56.478	23.040
56.280	23.000	56.208	29.383
56.280	23.000	50.095	31.149
56.280	23.000	50.715	27.071
56.280	23.000	50.370	23.593
56.280	23.000	50.300	17.303
50.223	16.353	52.259	17.435
47.412	15.268	50.223	16.353
42.859	9.928	47.412	15.268
73.597	1.921	77.529	1.168
73.597	1.921	78.094	2.662
78.094	2.662	75.611	3.052
78.094	2.662	81.852	4.591
78.094	2.662	76.195	2.447
78.094	2.662	75.289	2.579
78.094	2.662	80.396	2.993
78.094	2.662	82.159	3.046
78.094	2.662	86.334	6.399
78.094	2.662	82.490	3.961
78.094	2.662	78.153	3.944
78.094	2.662	80.087	3.461
68.074	0.716	73.597	1.921
64.669	0.207	68.074	0.716
72.335	-0.081	75.156	1.012
75.156	1.012	77.269	2.796
64.669	0.207	72.335	-0.081
72.335	-0.081	67.906	-2.049
72.335	-0.081	70.459	0.532
72.335	-0.081	74.856	2.094
72.335	-0.081	74.734	1.061
72.335	-0.081	76.223	1.594
62.839	1.219	64.669	0.207
58.305	3.550	62.839	1.219
62.839	1.219	65.358	0.603
62.839	1.219	61.226	0.968
62.839	1.219	62.968	0.398
62.839	1.219	62.586	2.898
54.331	4.968	58.305	3.550
46.365	8.659	54.331	4.968
42.859	9.928	46.365	8.659
46.365	8.659	43.439	10.242
46.365	8.659	43.506	10.051
46.365	8.659	40.503	10.556
46.365	8.659	41.769	9.966
46.365	8.659	44.984	9.250
46.365	8.659	48.053	8.630
46.365	8.659	50.868	6.687
46.365	8.659	52.295	6.449
46.365	8.659	55.860	4.317
46.365	8.659	50.349	7.215
46.365	8.659	49.072	8.056
46.365	8.659	48.530	8.731
46.365	8.659	44.746	9.012
46.365	8.659	46.426	12.058
46.365	8.659	43.788	17.779
46.365	8.659	44.610	11.936
46.365	8.659	48.685	13.953
46.365	8.659	49.227	9.560
46.365	8.659	49.318	8.413
46.365	8.659	46.587	7.614
39.195	11.667	42.859	9.928
36.469	9.531	39.195	11.667
33.766	8.055	36.469	9.531
30.856	7.224	33.766	8.055
33.766	8.055	36.470	9.553
33.766	8.055	35.596	8.943
33.766	8.055	33.076	8.074
33.766	8.055	34.015	8.136
28.274	6.607	30.856	7.224
30.856	7.224	30.036	7.951
30.856	7.224	29.679	8.766
30.856	7.224	28.595	7.184
30.856	7.224	30.784	6.980
30.856	7.224	31.402	8.321
30.856	7.224	33.625	8.328
30.856	7.224	31.474	7.455
30.856	7.224	33.769	7.967
23.803	6.321	28.274	6.607
17.550	6.842	23.803	6.321
23.803	6.321	24.202	2.419
23.803	6.321	23.390	5.259
23.803	6.321	23.887	6.333
23.803	6.321	23.793	6.309
23.803	6.321	25.038	9.036
23.803	6.321	25.817	17.397
23.803	6.321	24.675	9.020
23.803	6.321	21.503	7.537
56.446	-1.608	58.436	-2.274
58.436	-2.274	58.894	-1.565
58.436	-2.274	58.120	-0.514
58.436	-2.274	55.689	-0.821
58.436	-2.274	57.728	-3.232
58.436	-2.274	62.483	-2.868
58.436	-2.274	61.944	-2.975
58.436	-2.274	58.621	-2.778
58.436	-2.274	56.638	-2.159
58.436	-2.274	64.547	-8.527
58.436	-2.274	58.371	-15.790
58.436	-2.274	57.432	-16.727
58.436	-2.274	56.902	-15.643
58.436	-2.274	60.825	-14.520
58.436	-2.274	58.649	3.674
58.436	-2.274	60.134	4.362
53.295	-0.951	56.446	-1.608
45.403	0.185	53.295	-0.951
53.295	-0.951	53.161	-0.073
53.295	-0.951	53.817	0.486
53.295	-0.951	54.036	-0.539
53.295	-0.951	53.231	-2.437
53.295	-0.951	50.267	-5.246
41.183	2.623	45.403	0.185
45.403	0.185	45.216	0.068
45.403	0.185	45.242	-0.475
45.403	0.185	45.332	0.237
45.403	0.185	45.825	5.157
45.403	0.185	45.693	21.551
45.403	0.185	46.704	12.419
34.005	5.230	41.183	2.623
41.183	2.623	41.292	4.238
41.183	2.623	41.661	0.198
41.183	2.623	41.913	2.036
41.183	2.623	41.273	2.945
31.270	6.532	34.005	5.230
34.005	5.230	38.953	3.676
34.005	5.230	38.718	2.991
34.005	5.230	35.466	4.613
34.005	5.230	33.193	5.332
34.005	5.230	31.991	5.446
34.005	5.230	30.236	5.982
34.005	5.230	33.215	4.938
34.005	5.230	33.946	9.370
34.005	5.230	34.024	3.178
34.005	5.230	40.098	-0.859
34.005	5.230	39.798	-0.114
27.001	9.368	31.270	6.532
31.270	6.532	30.756	5.929
31.270	6.532	32.021	5.643
31.270	6.532	31.113	7.437
31.270	6.532	30.985	5.808
25.564	9.475	27.001	9.368
27.001	9.368	25.246	9.070
27.001	9.368	26.602	8.823
27.001	9.368	26.403	9.238
27.001	9.368	30.701	8.799
27.001	9.368	30.213	9.451
27.001	9.368	29.916	9.746
27.001	9.368	28.428	9.622
27.001	9.368	26.791	9.585
27.001	9.368	22.542	8.918
27.001	9.368	27.746	15.782
27.001	9.368	26.882	8.319
27.001	9.368	18.525	14.084
27.001	9.368	30.738	8.946
27.001	9.368	27.578	12.227
21.939	7.531	25.564	9.475
17.550	6.842	21.939	7.531
12.565	5.274	17.550	6.842
17.550	6.842	16.758	6.727
17.550	6.842	16.878	4.602
17.550	6.842	17.126	13.486
17.550	6.842	23.879	6.782
17.550	6.842	18.771	5.550
17.550	6.842	18.493	7.180
17.550	6.842	18.300	6.916
17.550	6.842	17.744	6.589
7.658	4.823	12.565	5.274
12.565	5.274	13.322	14.308
12.565	5.274	12.116	5.178
12.565	5.274	12.173	3.947
12.565	5.274	16.366	3.985
12.565	5.274	15.939	7.273
12.565	5.274	11.385	8.892
5.423	2.995	7.658	4.823
7.658	4.823	6.712	6.464
7.658	4.823	6.711	4.914
7.658	4.823	7.689	3.963
1.040	1.298	5.423	2.995
5.423	2.995	3.949	3.481
5.423	2.995	3.743	3.234
5.423	2.995	6.265	3.621
5.423	2.995	5.961	4.788
5.423	2.995	5.526	5.316
5.423	2.995	5.112	3.648
5.423	2.995	5.071	3.731
5.423	2.995	4.730	2.381
5.423	2.995	4.782	2.445
5.423	2.995	2.456	3.387
5.423	2.995	5.369	1.697
0.000	0.000	1.040	1.298
1.040	1.298	6.036	1.216
POLYLINE BLACK
65.420	-8.577
65.320	-8.577
65.040	-8.497
64.980	-8.497
64.620	-8.377
64.520	-8.377
64.480	-8.357
64.440	-8.377
64.400	-8.357
POLYLINE BLACK
65.500	-6.917
65.460	-7.017
65.440	-7.397
65.460	-7.557
65.460	-7.657
65.480	-7.697
65.500	-7.957
65.580	-8.337
POLYLINE BLACK
63.500	-5.937
63.640	-5.997
64.200	-6.117
64.480	-6.117
64.660	-6.157
POLYLINE BLACK
62.060	-5.677
62.160	-5.677
62.220	-5.717
62.260	-5.717
62.680	-5.857
POLYLINE BLACK
63.340	-5.757
63.140	-5.757
62.900	-5.697
62.820	-5.697
62.780	-5.677
POLYLINE BLACK
64.200	-6.097
64.100	-6.097
63.800	-5.997
63.740	-5.997
63.640	-5.937
POLYLINE BLACK
65.180	-6.457
65.040	-6.457
64.900	-6.417
64.660	-6.417
64.540	-6.357
POLYLINE BLACK
65.600	-7.477
65.560	-7.437
65.520	-7.177
65.520	-6.717
65.480	-6.497
POLYLINE BLACK
65.520	-8.457
65.440	-8.257
65.440	-8.197
65.340	-7.877
65.280	-7.557
POLYLINE BLACK
63.560	-7.737
63.600	-7.737
63.880	-8.077
64.000	-8.197
POLYLINE BLACK
62.660	-7.017
62.860	-7.257
62.960	-7.357
63.120	-7.517
POLYLINE BLACK
61.900	-6.117
62.000	-6.317
62.300	-6.677
62.380	-6.757
POLYLINE BLACK
62.480	-6.797
62.480	-6.837
POLYLINE BLACK
62.300	-6.537
62.300	-6.637
62.340	-6.717
POLYLINE BLACK
62.060	-6.297
62.080	-6.337
POLYLINE BLACK
61.860	-6.077
POLYLINE RED
30.845	13.953
30.785	13.893
30.725	13.793
30.715	13.713
30.745	13.673
30.835	13.703
30.895	13.763
30.985	13.913
30.995	13.983
30.975	14.033
30.945	14.043
30.885	14.023
30.815	13.973
30.715	13.863
POLYLINE RED
30.245	13.683
30.335	13.953
30.335	13.783
30.345	13.743
30.385	13.703
30.425	13.713
30.475	13.783
30.525	13.893
30.535	13.953
30.545	13.973
30.545	13.953
POLYLINE RED
30.155	13.913
30.145	13.853
30.145	13.803
30.135	13.763
30.135	13.703
POLYLINE RED
29.875	13.863
29.845	13.723
29.845	13.673
29.835	13.633
29.845	13.693
29.835	13.743
29.835	13.873
29.825	13.913
29.875	13.833
29.925	13.833
30.015	13.893
30.035	13.933
30.035	13.613
30.045	13.593
POLYLINE RED
29.575	13.743
29.585	13.763
29.675	13.783
29.765	13.773
POLYLINE RED
29.605	13.543
29.605	13.633
29.625	13.743
29.685	13.933
29.725	13.963
29.745	13.943
29.755	13.853
29.755	13.583
POLYLINE RED
29.475	13.883
29.435	13.873
29.405	13.883
29.315	13.843
29.245	13.773
29.245	13.673
29.295	13.633
29.425	13.633
29.445	13.643
POLYLINE RED
27.665	12.273
27.685	12.263
27.725	12.303
27.825	12.333
27.845	12.353
27.875	12.353
28.125	12.533
28.305	12.723
28.465	12.883
28.645	13.033
28.775	13.103
28.875	13.193
29.145	13.383
29.245	13.483
29.255	13.503
POLYLINE RED
27.595	12.237
27.581	12.237
27.581	12.209
27.588	12.195
27.609	12.223
27.602	12.237
27.574	12.244
27.560	12.237
27.560	12.216
27.567	12.202
27.581	12.202
27.595	12.195
27.623	12.237
27.616	12.258
27.602	12.258
27.588	12.251
27.574	12.223
27.574	12.195
27.581	12.181
27.595	12.174
27.616	12.181
27.623	12.209
27.623	12.223
27.602	12.251
27.588	12.258
27.567	12.230
27.567	12.216
27.581	12.202
27.595	12.202
27.623	12.237
27.623	12.251
27.616	12.265
27.581	12.251
27.567	12.223
27.588	12.195
27.616	12.216
27.623	12.244
27.623	12.258
27.616	12.272
27.602	12.272
27.588	12.265
27.574	12.237
27.574	12.223
27.581	12.209
27.616	12.195
27.644	12.216
27.644	12.237
27.630	12.265
27.595	12.279
27.567	12.258
27.567	12.209
27.588	12.181
27.609	12.181
27.637	12.195
27.644	12.230
27.644	12.251
27.623	12.279
27.609	12.279
27.574	12.265
27.560	12.251
27.553	12.216
27.553	12.202
27.567	12.188
27.616	12.202
27.630	12.230
27.630	12.251
27.623	12.265
27.595	12.272
27.574	12.258
27.574	12.216
27.595	12.202
27.623	12.202
27.665	12.244
27.672	12.279
27.644	12.300
27.609	12.286
27.588	12.251
27.588	12.216
27.616	12.195
27.651	12.195
27.679	12.223
27.672	12.272
27.651	12.286
27.623	12.286
27.595	12.258
27.581	12.223
27.581	12.209
27.588	12.195
27.602	12.188
27.623	12.188
27.651	12.209
27.651	12.272
27.623	12.286
27.609	12.265
27.616	12.251
27.637	12.251
27.665	12.244
27.693	12.265
27.693	12.286
27.686	12.300
27.651	12.300
27.623	12.279
27.616	12.265
27.616	12.244
POLYLINE BLACK
64.015	-7.540
63.565	-7.040
POLYLINE BLACK
65.015	-8.090
POLYLINE BLACK
64.315	-7.790
64.415	-7.890
POLYLINE BLACK
62.165	-4.490
62.165	-4.590
POLYLINE BLACK
62.565	-7.040
POLYLINE BLACK
62.015	-6.390
POLYLINE BLACK
61.665	-6.140
POLYLINE BLACK
67.165	-11.240
67.265	-11.240
67.465	-11.640
67.465	-11.840
67.565	-12.240
67.565	-12.790
67.515	-12.990
67.215	-13.440
67.315	-13.940
67.315	-14.190
67.365	-14.390
67.465	-14.990
67.565	-15.390
67.565	-15.790
67.465	-16.140
67.015	-16.590
66.715	-16.690
66.415	-16.490
66.065	-15.890
64.865	-14.840
64.615	-14.590
64.365	-14.340
63.715	-13.990
63.415	-13.990
63.115	-13.890
62.915	-13.940
62.615	-13.940
61.765	-14.190
61.665	-14.290
61.215	-14.390
60.565	-14.790
60.365	-14.790
59.365	-15.390
59.165	-15.440
58.865	-15.490
58.365	-15.840
58.115	-16.090
57.865	-16.440
57.565	-16.590
57.215	-16.590
56.815	-16.290
56.715	-15.990
56.715	-15.840
56.815	-15.540
56.715	-15.290
56.415	-15.040
56.015	-14.790
55.915	-14.540
55.915	-14.390
55.865	-14.190
55.865	-13.940
55.815	-13.490
55.815	-13.190
55.765	-12.840
55.715	-12.490
55.715	-11.890
55.865	-11.340
55.865	-11.190
56.015	-10.990
56.015	-10.890
56.215	-10.590
56.565	-9.790
56.615	-9.540
56.915	-8.640
57.015	-8.090
57.015	-7.890
57.065	-7.640
57.065	-7.440
57.465	-6.290
57.565	-5.540
57.565	-5.290
57.615	-5.090
57.615	-4.940
57.665	-4.740
57.665	-4.390
57.765	-3.940
57.765	-3.490
57.815	-3.340
POLYLINE BLACK
67.265	-11.540
66.515	-10.790
65.765	-9.940
65.265	-9.440
64.915	-8.990
64.465	-8.690
64.365	-8.690
63.865	-8.340
63.465	-8.190
63.265	-8.140
62.815	-7.990
62.665	-7.990
62.465	-7.940
61.965	-7.890
61.665	-7.740
61.565	-7.740
61.365	-7.390
61.365	-7.240
61.215	-6.740
61.265	-6.540
61.765	-5.790
61.965	-5.340
62.115	-4.740
62.415	-3.540
62.615	-2.890
62.865	-2.490
62.865	-2.340
63.065	-1.640
63.065	-0.940
62.765	-0.040
62.665	0.310
62.665	0.410
POLYLINE BLACK
57.515	-0.590
57.315	-0.640
57.615	-0.390
57.865	0.110
57.965	0.460
57.915	0.660
POLYLINE BLACK
63.365	-1.090
62.965	-0.740
62.765	-0.390
62.765	-0.240
62.565	0.210
62.215	0.710
62.115	0.960
61.965	1.160
61.915	1.610
61.815	1.910
61.815	2.060
61.515	2.760
61.365	2.960
61.215	3.660
61.165	3.760
61.165	4.110
60.965	4.710
60.715	5.110
60.415	5.360
60.215	5.410
59.665	5.960
59.615	6.060
59.415	6.060
58.765	5.660
58.515	5.360
58.515	5.260
58.165	4.810
58.115	4.610
58.065	4.260
58.065	3.060
58.015	2.860
58.015	2.660
57.915	2.310
57.815	1.710
57.815	1.410
57.865	1.210
57.865	0.660
58.015	0.010
58.015	-0.640
57.865	-0.840
57.665	-0.890
57.415	-0.790
POLYLINE BLACK
58.615	-15.740
58.565	-15.840
POLYLINE BLACK
53.555	0.950
53.705	0.740
54.185	0.380
54.305	0.350
54.545	0.200
54.605	0.140
54.665	0.170
54.845	0.050
54.995	0.050
55.295	-0.070
55.355	-0.040
55.715	-0.220
55.865	-0.220
56.045	-0.280
56.135	-0.280
56.315	-0.370
56.435	-0.400
56.885	-0.520
57.005	-0.520
57.245	-0.580
57.515	-0.580
57.635	-0.610
57.755	-0.550
57.815	-0.580
57.995	-0.520
58.115	-0.550
POLYLINE BLACK
53.315	-2.200
53.345	-2.260
53.525	-2.170
53.765	-2.170
53.915	-2.200
54.035	-2.200
54.155	-2.230
54.215	-2.230
54.335	-2.320
54.455	-2.350
54.635	-2.440
54.965	-2.470
55.175	-2.470
55.295	-2.500
55.415	-2.530
55.595	-2.650
55.745	-2.680
56.015	-2.890
56.195	-2.890
56.525	-2.980
56.795	-2.980
56.885	-3.040
57.065	-3.010
57.185	-3.100
57.305	-3.130
57.515	-3.190
57.635	-3.160
57.755	-3.250
POLYLINE BLACK
54.605	-2.410
54.755	-2.410
54.875	-2.470
POLYLINE BLACK
44.885	14.840
POLYLINE BLACK
44.885	14.090
44.835	14.190
POLYLINE BLACK
44.585	13.040
44.585	13.140
POLYLINE BLACK
44.435	11.640
44.335	11.690
POLYLINE BLACK
44.535	10.490
POLYLINE BLACK
44.285	9.090
POLYLINE BLACK
44.035	7.790
43.985	7.890
POLYLINE BLACK
43.935	6.840
43.835	6.940
43.835	7.040
POLYLINE BLACK
43.685	5.990
POLYLINE BLACK
43.335	5.240
POLYLINE BLACK
47.185	7.140
46.985	6.840
46.935	6.640
46.885	6.440
46.885	6.290
46.935	6.190
46.885	5.990
POLYLINE BLACK
46.885	8.190
46.785	7.890
POLYLINE BLACK
46.735	9.490
46.685	9.290
POLYLINE BLACK
46.835	10.940
46.685	10.490
POLYLINE BLACK
46.835	11.740
46.785	11.540
POLYLINE BLACK
46.685	12.690
46.635	12.490
POLYLINE BLACK
46.685	14.740
46.535	14.490
46.535	14.340
POLYLINE BLACK
45.435	19.290
45.285	19.090
45.135	18.590
45.135	18.290
45.185	18.090
45.135	17.890
44.885	17.290
44.885	16.990
45.035	16.590
44.835	16.090
44.785	15.540
44.785	15.190
44.885	15.040
44.735	14.740
44.735	14.090
44.685	13.840
POLYLINE BLACK
45.585	20.290
45.385	19.840
45.385	19.740
POLYLINE BLACK
45.635	21.290
45.485	21.090
45.485	20.990
POLYLINE BLACK
45.735	21.840
45.685	21.690
POLYLINE BLACK
46.635	21.040
46.485	21.590
46.335	21.940
46.335	22.090
46.435	22.290
46.335	22.240
POLYLINE BLACK
46.785	20.040
46.685	20.340
POLYLINE BLACK
46.685	18.040
46.635	18.290
46.685	18.440
POLYLINE BLACK
46.735	15.640
46.585	16.340
46.585	16.490
POLYLINE BLACK
46.785	14.540
46.785	14.640
POLYLINE BLACK
46.735	13.240
46.785	13.690
POLYLINE BLACK
46.885	10.140
POLYLINE BLACK
47.085	9.040
POLYLINE BLACK
47.185	7.890
POLYLINE BLACK
47.285	6.540
47.235	6.640
POLYLINE BLACK
47.035	5.740
46.985	5.840
POLYLINE BLACK
44.485	14.190
44.485	14.390
POLYLINE BLACK
44.535	12.490
44.435	12.590
44.435	12.690
POLYLINE BLACK
44.335	11.390
44.335	11.540
44.285	11.640
POLYLINE BLACK
44.285	10.490
POLYLINE BLACK
44.185	9.240
POLYLINE BLACK
44.335	8.390
POLYLINE BLACK
43.935	7.490
POLYLINE BLACK
43.885	6.640
43.835	6.740
POLYLINE BLACK
43.685	6.040
POLYLINE BLACK
43.635	5.590
POLYLINE BLACK
43.435	5.040
POLYLINE BLACK
53.735	0.840
53.635	0.840
53.285	1.240
53.335	1.640
53.235	1.890
53.235	2.040
52.885	2.440
52.435	2.940
52.285	3.590
52.185	3.840
51.385	4.540
50.535	4.990
50.435	5.090
49.985	5.190
49.785	5.240
49.435	5.290
49.335	5.240
49.035	5.340
48.285	5.340
48.085	5.390
47.735	5.340
47.435	5.390
47.135	5.190
46.835	5.190
46.635	5.140
46.185	5.090
45.985	4.940
45.485	4.940
45.235	4.890
45.135	4.890
POLYLINE BLACK
49.535	0.740
49.535	1.190
49.385	1.690
49.385	1.840
49.435	2.040
49.435	2.440
49.485	2.640
49.785	2.840
49.885	2.640
49.835	2.390
49.885	2.190
49.735	1.890
49.785	1.690
49.835	1.440
49.835	1.040
49.935	0.840
49.935	0.390
49.885	0.190
49.885	-0.460
49.835	-0.660
49.835	-0.660
49.685	-0.110
49.735	0.290
49.535	0.890
49.435	1.190
49.435	1.890
49.535	2.340
49.585	2.790
49.635	2.890
49.835	2.840
49.985	2.590
49.985	2.440
50.035	2.240
49.985	2.040
49.985	1.890
49.935	1.690
49.935	1.240
50.085	0.790
50.235	0.240
50.185	0.040
50.035	-0.460
49.885	-0.660
POLYLINE BLACK
49.485	-0.510
49.485	-0.010
49.585	0.390
49.485	0.790
POLYLINE BLACK
50.035	-0.810
49.635	-0.560
49.335	-0.660
49.235	-0.660
48.885	-1.010
48.935	-1.210
49.435	-1.410
49.785	-1.310
50.085	-1.310
50.285	-1.260
50.485	-1.210
50.785	-1.060
50.985	-1.010
51.085	-0.910
50.935	-0.760
50.735	-0.710
50.335	-0.660
49.785	-0.560
49.485	-0.510
49.285	-0.660
49.185	-0.660
49.035	-0.910
49.085	-1.110
49.385	-1.260
49.785	-1.310
49.985	-1.310
50.335	-1.260
50.585	-1.260
51.085	-1.010
51.185	-0.910
50.935	-0.660
50.485	-0.610
50.085	-0.610
49.985	-0.560
49.785	-0.660
49.535	-0.610
49.235	-0.710
49.085	-0.910
49.085	-1.060
49.185	-1.160
49.385	-1.210
49.635	-1.310
49.785	-1.310
50.235	-1.160
POLYLINE BLACK
44.635	-0.110
44.685	-0.310
44.885	-0.360
45.085	-0.410
45.185	-0.360
45.435	-0.510
45.635	-0.560
45.885	-0.860
45.985	-1.160
46.135	-1.410
46.185	-1.810
46.185	-2.010
46.285	-2.460
46.435	-3.060
46.585	-3.610
46.585	-4.160
47.085	-4.760
47.485	-5.060
47.585	-5.010
47.835	-5.160
48.035	-5.110
48.235	-5.160
48.435	-5.210
48.535	-5.260
48.635	-5.160
48.835	-5.160
48.935	-5.110
49.135	-5.160
49.685	-5.010
49.885	-5.060
50.085	-5.010
50.285	-5.060
50.585	-4.960
50.885	-5.010
51.185	-4.810
51.335	-4.810
51.435	-4.760
51.435	-4.660
51.535	-4.710
51.735	-4.660
51.885	-4.660
52.085	-4.560
52.535	-4.010
52.535	-3.860
52.585	-3.660
52.585	-3.460
52.985	-3.010
53.035	-2.760
53.185	-2.360
53.335	-2.310
POLYLINE BLACK
39.985	0.440
40.185	0.390
40.535	0.290
40.635	0.340
40.885	0.290
40.985	0.340
41.185	0.290
41.385	0.290
41.585	0.390
42.185	0.190
42.735	0.090
42.935	0.040
43.285	-0.110
43.385	-0.210
43.485	-0.160
43.685	-0.210
43.935	-0.160
44.235	-0.160
44.535	-0.260
44.735	-0.310
44.985	-0.410
POLYLINE BLACK
40.985	4.140
41.485	4.140
41.735	4.090
42.035	4.090
42.335	4.190
42.535	4.190
42.885	4.390
43.085	4.440
43.385	4.640
43.585	4.640
43.685	4.690
43.785	4.640
43.985	4.690
44.285	4.690
44.385	4.790
44.585	4.840
44.785	4.790
45.085	4.840
45.235	4.790
45.535	4.890
POLYLINE BLACK
41.060	0.360
41.270	0.390
POLYLINE BLACK
40.520	0.540
40.580	0.540
POLYLINE BLACK
39.620	0.450
39.740	0.480
39.800	0.510
POLYLINE BLACK
39.140	0.540
POLYLINE BLACK
39.980	0.450
POLYLINE BLACK
41.120	0.390
41.060	0.420
POLYLINE BLACK
40.820	0.390
40.970	0.390
POLYLINE BLACK
39.950	0.420
POLYLINE BLACK
38.930	0.540
POLYLINE BLACK
38.150	0.600
POLYLINE BLACK
36.950	0.540
37.160	0.570
37.220	0.540
POLYLINE BLACK
38.330	0.480
POLYLINE BLACK
37.400	0.510
37.550	0.540
POLYLINE BLACK
36.380	0.540
36.500	0.570
POLYLINE BLACK
37.490	4.560
37.580	4.470
37.700	4.440
38.030	4.350
38.090	4.350
38.150	4.290
38.270	4.290
38.540	4.230
38.810	4.200
38.900	4.200
38.960	4.230
39.170	4.230
39.260	4.200
39.440	4.260
39.590	4.260
39.920	4.140
40.040	4.140
40.160	4.110
40.640	4.110
40.760	4.140
40.880	4.110
40.970	4.170
41.210	4.170
POLYLINE BLACK
39.380	1.590
39.380	1.530
39.350	1.590
39.230	1.530
39.320	1.260
39.410	1.050
39.500	0.930
39.590	0.780
39.650	0.720
39.680	0.600
39.740	0.480
39.740	0.390
39.830	0.150
39.830	0.060
39.950	-0.390
40.010	-0.750
40.040	-0.870
40.010	-1.050
39.800	-1.260
39.740	-1.530
39.680	-1.770
39.590	-1.680
39.500	-1.500
39.500	-1.350
39.530	-1.230
39.500	-1.110
39.470	-0.960
39.440	-0.840
39.140	-0.630
39.020	-0.660
38.900	-0.660
38.870	-0.600
38.990	-0.540
39.260	-0.720
39.410	-1.080
39.440	-1.350
39.410	-1.590
39.650	-1.740
39.920	-1.740
40.280	-1.620
40.430	-1.350
40.460	-1.230
40.400	-0.960
40.280	-0.780
40.160	-0.690
40.010	-0.270
39.890	0.240
39.740	0.600
39.680	0.600
39.440	0.930
39.440	1.020
POLYLINE BLACK
30.650	5.910
30.680	5.760
30.680	5.550
30.650	5.490
30.770	5.100
31.040	4.860
31.310	4.710
31.970	4.440
32.300	4.230
32.390	4.230
32.540	4.170
33.260	3.720
33.410	3.690
33.560	3.600
33.680	3.570
34.040	3.390
34.460	3.090
34.640	2.910
35.030	2.490
35.480	1.890
35.660	1.500
35.660	1.410
35.720	1.260
36.230	0.540
36.650	0.180
37.280	-0.420
37.550	-0.570
37.700	-0.630
37.760	-0.690
37.850	-0.690
38.060	-0.750
38.300	-0.750
38.420	-0.780
38.510	-0.780
38.660	-0.750
38.720	-0.690
38.990	-0.630
39.110	-0.600
POLYLINE BLACK
31.370	7.710
31.490	7.530
31.700	7.500
31.790	7.500
31.850	7.560
31.970	7.590
32.540	7.890
32.780	8.070
33.380	8.640
33.890	9.060
33.980	9.150
34.220	9.330
34.340	9.360
34.490	9.390
34.610	9.360
34.880	9.330
35.270	9.090
35.510	8.820
35.630	8.520
35.630	8.430
35.900	7.770
35.990	7.650
36.170	7.230
36.230	6.960
36.290	6.810
36.440	6.600
36.470	6.480
36.620	6.060
36.740	5.460
36.770	5.190
36.830	4.950
37.190	4.590
37.640	4.260
38.270	3.600
38.420	3.450
38.660	3.300
38.930	3.210
39.080	3.060
39.140	2.880
39.170	2.520
39.200	2.370
39.200	1.860
39.230	1.650
39.230	1.380
39.260	1.170
39.260	1.020
39.230	0.870
39.230	0.420
39.200	0.300
39.200	0.120
39.170	-0.090
39.140	-0.360
38.990	-0.720
POLYLINE BLACK
28.610	16.260
28.670	16.020
28.700	15.720
28.700	15.600
28.790	15.360
28.790	15.270
28.850	15.210
28.880	15.060
28.940	14.820
28.940	14.460
28.970	14.340
28.940	14.220
28.940	13.830
28.910	13.680
28.970	13.230
28.970	12.990
29.030	12.720
29.090	12.540
29.090	12.450
29.150	12.180
29.150	12.090
29.210	11.850
29.240	11.580
29.270	11.460
29.330	11.190
29.390	11.010
29.390	10.920
29.510	10.620
29.630	10.500
29.780	10.410
30.080	9.930
30.290	9.720
30.560	9.450
30.620	9.450
30.950	9.120
31.010	8.910
31.010	8.730
31.070	8.460
31.100	8.340
31.190	8.220
31.250	8.010
31.250	7.770
31.340	7.500
POLYLINE BLACK
26.780	8.220
26.900	8.250
27.050	8.220
27.230	8.160
27.380	8.070
27.830	7.800
28.010	7.620
28.100	7.590
28.130	7.500
28.280	7.410
28.400	7.230
29.210	6.660
29.360	6.510
29.660	6.360
29.720	6.360
29.810	6.270
29.930	6.270
30.170	6.180
30.230	6.180
30.320	6.120
30.440	6.090
30.500	6.030
30.680	6.030
30.800	6.000
30.830	5.940
POLYLINE BLACK
25.810	8.200
25.960	8.000
26.260	8.000
26.460	8.050
26.660	8.050
27.110	8.200
27.010	8.250
26.660	8.150
26.560	8.200
26.360	8.150
26.410	8.250
26.610	8.300
27.060	8.450
POLYLINE BLACK
18.210	5.000
18.310	5.250
18.510	5.400
18.760	5.500
19.060	5.700
19.310	5.750
19.860	5.950
20.010	5.950
20.610	6.200
21.360	6.350
21.560	6.350
21.910	6.400
22.260	6.400
22.560	6.500
23.110	6.600
23.710	6.750
23.960	6.900
24.060	6.900
24.260	7.050
24.460	7.100
24.810	7.350
24.910	7.500
25.160	7.550
25.460	7.750
25.960	8.050
26.210	8.200
26.360	8.200
POLYLINE BLACK
19.310	13.900
19.760	13.750
19.960	13.600
20.160	13.600
20.610	13.500
20.710	13.400
20.810	13.450
21.310	13.300
21.510	13.350
21.760	13.450
21.960	13.400
22.160	13.350
22.360	13.450
22.560	13.400
23.110	13.650
23.660	14.000
24.010	14.300
24.160	14.350
24.210	14.450
24.910	14.800
25.210	15.050
25.310	15.050
26.160	15.550
26.510	15.800
26.660	15.800
27.110	16.000
27.560	16.050
27.810	16.100
27.960	16.100
28.460	16.200
28.560	16.200
POLYLINE BLACK
19.060	13.200
19.010	13.450
18.660	13.950
18.360	14.200
POLYLINE BLACK
18.860	14.450
18.910	14.350
19.010	14.400
19.210	14.200
19.010	14.250
18.760	14.350
18.610	14.350
18.210	14.450
POLYLINE BLACK
19.060	13.100
18.910	13.350
18.710	13.450
18.560	13.450
18.360	13.550
POLYLINE BLACK
18.260	13.100
18.560	12.850
18.660	12.900
18.960	12.750
19.310	12.750
19.210	13.150
18.910	13.600
18.760	13.800
POLYLINE BLACK
16.710	13.450
16.810	13.500
17.110	13.250
17.460	13.200
17.660	13.200
17.860	13.150
18.060	13.100
18.160	13.050
18.360	13.100
18.560	13.050
POLYLINE BLACK
13.110	14.310
13.260	14.160
13.350	14.160
13.470	14.190
13.740	14.160
13.860	14.190
13.920	14.250
14.010	14.250
14.070	14.280
14.190	14.250
14.340	14.250
14.580	14.160
14.670	14.160
14.790	14.130
14.970	14.130
15.510	14.010
15.690	14.010
15.870	13.950
15.930	13.890
15.990	13.920
16.110	13.830
16.260	13.830
16.500	13.680
16.560	13.680
16.620	13.620
16.740	13.590
16.860	13.530
POLYLINE BLACK
12.630	4.020
12.720	4.110
12.990	4.230
13.140	4.230
13.200	4.290
13.470	4.320
13.650	4.320
13.710	4.380
13.920	4.380
14.040	4.410
14.250	4.380
14.400	4.410
14.520	4.410
14.730	4.440
14.850	4.410
14.970	4.440
15.240	4.380
15.360	4.380
15.660	4.290
15.870	4.290
16.080	4.230
16.140	4.260
16.200	4.230
16.470	4.290
16.680	4.290
16.800	4.320
16.920	4.350
17.250	4.440
17.790	4.650
17.940	4.680
18.330	4.860
18.450	4.890
18.600	4.980
18.660	5.010
POLYLINE BLACK
10.560	8.850
10.620	8.820
11.010	9.180
11.100	9.330
11.340	9.600
11.400	9.750
11.460	9.780
11.520	9.930
11.700	10.230
11.880	10.590
11.910	10.710
12.030	10.980
12.090	11.280
12.240	11.730
12.240	11.820
12.300	11.940
12.300	12.030
12.390	12.270
12.390	12.360
12.420	12.510
12.450	12.630
12.510	12.900
12.570	13.170
12.630	13.470
12.660	13.590
12.870	14.070
13.080	14.370
POLYLINE BLACK
0.810	2.160
0.780	2.220
0.720	2.190
0.660	2.220
0.360	2.010
0.270	1.860
0.270	1.710
0.210	1.530
0.210	1.470
0.120	1.350
0.120	1.140
0.090	1.020
0.060	0.900
-0.150	0.510
-0.150	0.450
POLYLINE BLACK
5.430	1.650
5.010	1.320
4.890	1.170
4.770	1.140
4.560	0.930
4.380	0.750
4.260	0.720
4.200	0.660
4.080	0.630
3.780	0.450
3.630	0.390
3.330	0.150
3.270	0.090
3.150	0.060
2.580	-0.270
2.460	-0.360
2.340	-0.360
2.160	-0.450
2.040	-0.420
1.710	-0.420
1.650	-0.450
1.530	-0.420
1.350	-0.420
1.140	-0.450
0.600	-0.510
0.240	-0.510
0.090	-0.480
0.000	-0.480
-0.180	-0.390
POLYLINE BLACK
12.840	4.080
12.660	4.020
12.510	4.020
12.390	3.990
12.270	4.020
12.030	4.080
11.910	4.110
11.730	4.110
11.520	4.170
11.400	4.140
11.250	4.170
11.130	4.140
10.920	4.170
10.860	4.110
10.290	4.110
10.170	4.140
10.050	4.110
9.840	4.170
9.600	4.170
9.480	4.230
9.360	4.200
9.150	4.200
9.090	4.230
9.030	4.170
8.910	4.170
8.790	4.200
8.730	4.170
8.670	4.200
8.430	4.140
8.190	4.140
8.130	4.170
8.070	4.110
8.010	4.140
7.890	4.110
7.710	4.080
7.080	3.420
7.020	3.300
6.810	3.090
6.810	3.030
6.750	2.970
6.720	2.850
6.390	2.460
6.060	2.130
5.760	1.920
5.520	1.770
5.400	1.740
5.310	1.620
5.310	1.560
POLYLINE BLACK
0.540	2.160
0.570	2.100
0.630	2.100
0.990	2.520
1.560	3.030
1.860	3.180
2.220	3.420
2.280	3.420
2.400	3.510
2.460	3.480
2.670	3.600
2.940	3.900
3.060	3.930
3.150	4.080
3.330	4.170
3.420	4.260
3.540	4.290
3.660	4.290
4.170	4.590
4.320	4.770
4.380	4.770
4.560	4.920
4.740	5.040
4.860	5.130
4.920	5.130
5.280	5.430
5.430	5.640
6.060	6.240
6.360	6.450
6.540	6.660
6.690	6.810
6.930	6.960
7.380	7.260
7.830	7.530
8.160	7.740
8.220	7.800
8.340	7.830
8.550	8.040
8.700	8.070
9.060	8.280
9.210	8.280
9.330	8.310
9.390	8.370
9.630	8.430
10.020	8.610
10.140	8.640
10.650	8.820
POLYLINE BLACK
-1.230	10.530
-1.290	10.530
-1.290	10.470
