TRIP
DATE 2005-07-09 
DECLINATION     0.00
DATA
1.53	5.0	0.00	0.00	0.000	>
5.0		242.62	77.71	2.809	>
5.0		308.80	-5.38	1.151	>
5.0		50.11	-50.81	2.298	>
5.0		57.65	-22.39	6.975	>
5.0	5.1	12.18	12.75	6.302	>
5.1		302.69	73.61	4.431	>
5.1		204.48	37.77	3.486	>
5.1		0.87	50.36	2.488	>
5.1		289.85	0.61	0.937	>
5.1		130.57	2.26	0.989	>
5.1		1.79	-0.29	3.207	>
5.1	5.2	22.56	-10.22	4.643	>
5.1		338.75	-4.29	2.150	>
5.1	5.3	339.18	-2.96	2.149	>
5.3		59.48	-65.59	6.270	>
5.2		62.56	-73.23	5.174	>
5.2		134.59	-79.15	3.172	>
5.2		195.55	-7.24	2.436	>
5.2		178.93	66.36	2.412	>
5.2		136.22	-3.49	1.264	>
5.2		66.98	-3.65	1.274	>
5.2	5.4	65.76	-53.77	4.654	>
5.4		61.96	77.98	3.004	>
5.4		54.30	18.04	3.213	>
5.4		43.11	-53.88	4.739	>
5.4		331.83	-1.14	0.703	>
5.4		35.32	-83.46	6.602	>
5.4		102.25	4.56	0.993	>
5.4	5.5	38.23	-23.13	2.451	>
5.5		126.71	-0.54	1.383	>
5.5		307.41	-1.00	0.632	>
5.5		122.47	76.76	2.675	>
5.5		95.19	-88.17	3.120	>
5.5		45.30	-8.24	2.978	>
5.5		2.88	-13.81	1.969	>
5.5		65.19	-6.31	2.057	>
5.5		44.93	-47.39	2.637	>
5.5		33.78	-0.38	1.806	>
5.5	5.6	22.68	-10.78	3.902	>
5.6		118.98	-2.79	1.193	>
5.6		310.42	53.78	0.914	>
5.6		26.26	28.59	1.434	>
5.6		218.53	35.68	0.958	>
5.6		103.57	-78.01	0.287	>
5.6	5.7	8.87	-10.32	3.343	>
5.7		113.51	-4.64	0.976	>
5.7		115.30	47.74	0.811	>
5.7		297.59	2.62	0.897	>
5.7	5.8	23.06	14.34	3.915	>
5.8		291.60	-22.43	0.291	>
5.8		105.84	-4.76	1.121	>
5.8		101.66	38.67	0.938	>
5.8	5.9	54.18	-3.03	2.574	>
5.9		309.90	3.45	1.760	>
5.9		94.48	77.04	0.684	>
5.9		342.52	3.70	2.245	>
5.9		46.52	11.91	1.332	>
5.9	5.10	10.97	24.58	3.426	>
5.10		226.55	87.20	0.537	>
5.10		287.76	0.21	0.800	>
5.10		127.91	9.81	1.179	>
5.10		352.19	39.63	1.997	>
5.10		229.06	2.77	0.950	>
5.10		202.04	-52.07	0.932	>
5.10		203.75	-37.82	2.512	>
5.10		202.24	-18.44	1.894	>
5.10		198.71	8.11	1.127	>
5.10		350.15	36.26	2.030	>
5.10	5.11	56.09	5.81	2.133	>
5.11		153.05	24.50	1.765	>
5.11		313.01	-4.47	0.859	>
5.11		200.92	84.75	0.795	>
5.11		86.58	24.01	2.202	>
5.11		46.38	-0.74	1.788	>
5.11	5.12	52.61	31.19	4.861	>
5.12		250.71	83.80	0.785	>
5.12		234.44	-17.50	2.205	>
5.12		22.26	32.43	2.733	>
5.12		71.59	41.92	3.480	>
5.12		320.19	2.77	0.868	>
5.12		278.37	-1.84	1.059	>
5.11	5.13	340.06	-26.46	2.974	>
5.13		211.42	30.31	1.298	>
5.13		154.91	44.99	2.255	>
5.13		157.74	9.17	1.305	>
5.13		156.21	14.36	2.298	>
5.13		111.42	32.46	2.839	>
5.13		92.71	-7.13	0.596	>
5.13		263.46	3.13	0.440	>
5.13		259.51	69.39	0.312	>
5.13	5.14	321.96	45.45	2.212	>
5.14	5.15	245.98	61.77	2.467	>
5.15	5.16	343.93	-1.83	0.752	>
5.16		147.89	84.86	1.239	>
5.16		101.50	-53.18	4.511	>
5.16		109.71	-10.24	1.440	>
5.16		189.52	1.32	1.518	>
5.16		64.74	6.25	2.279	>
5.16	5.17	36.46	21.13	1.883	>
5.17		114.47	-2.80	1.003	>
5.17		287.00	1.80	0.667	>
5.17		129.32	-67.94	1.084	>
5.17		242.97	86.92	1.023	>
5.17		273.25	63.38	5.818	>
5.17	5.18	343.91	52.19	1.895	>
5.18	5.19	49.25	-4.16	3.310	>
5.19		134.93	0.00	0.582	>
5.19		317.52	1.95	1.031	>
5.19		150.79	74.49	1.302	>
5.19		97.74	-72.45	1.774	>
5.19		155.72	58.90	2.952	>
5.19	5.20	42.32	-10.27	2.227	>
5.20		109.88	1.29	0.665	>
5.20		305.92	5.04	1.422	>
5.20		184.50	86.47	2.071	>
5.20		332.66	-75.04	1.788	>
5.20		37.55	13.80	2.335	>
5.20		8.42	9.48	1.620	>
5.20		9.08	10.25	1.635	>
5.20		352.70	14.23	1.558	>
5.20		333.98	17.68	1.962	>
5.20		338.65	12.74	1.842	>
5.20		333.79	28.53	1.719	>
5.20	5.21	339.41	19.94	2.011	>
5.21	5.22	71.58	42.23	1.616	>
5.22		296.44	6.06	0.635	>
5.22		3.66	3.66	1.365	>
5.22		328.62	-8.98	1.019	>
5.22		82.30	71.64	1.897	>
5.22		210.11	48.84	2.614	>
5.22		239.45	23.69	3.051	>
5.22		244.35	15.43	1.793	>
5.22		259.15	-60.23	1.317	>
5.22		341.52	-20.85	1.239	>
5.22		341.60	6.79	1.015	>
5.22	5.23	343.46	-3.70	1.457	>
5.23		317.56	20.18	1.415	>
5.23		281.72	0.98	1.763	>
5.23		279.58	24.19	2.252	>
5.23		279.26	41.33	3.237	>
5.23		245.18	13.82	0.741	>
5.23		329.45	43.54	2.288	>
5.23		310.85	51.94	3.742	>
5.23		288.06	48.91	3.636	>
5.23		279.63	43.60	3.624	>
5.23		357.30	37.35	1.200	>
5.23		178.53	-78.15	0.380	>
5.23		316.02	81.98	0.856	>
5.23	5.24	55.99	0.36	3.352	>
5.24		319.48	69.94	1.108	>
5.24		332.49	-59.83	1.301	>
5.24		318.81	1.12	2.041	>
5.24	5.25	32.88	8.25	4.689	>
5.25		141.76	-3.11	1.662	>
5.25		149.88	87.88	2.533	>
5.25		138.19	-64.15	1.689	>
5.25		214.41	6.57	3.775	>
5.25		211.26	22.89	3.054	>
5.25		204.93	50.13	2.616	>
5.25		78.69	6.82	2.332	>
5.25		78.80	5.86	2.323	>
5.25	5.26	89.17	-19.83	2.951	>
5.26		331.14	6.18	2.463	>
5.26		139.20	8.88	0.499	>
5.26		29.92	-1.51	2.733	>
5.26		14.23	-1.99	3.334	>
5.26		344.34	5.80	3.098	>
5.26		351.77	33.32	6.846	>
5.26		326.72	42.42	5.282	>
5.26		41.00	-77.36	5.239	>
5.26		35.50	-36.12	8.999	>
5.26		43.70	-57.34	7.040	>
5.26		100.46	-78.56	5.723	>
5.26		33.38	-34.37	8.431	>
5.26		23.07	-25.27	5.032	>
5.26		19.10	-11.66	3.586	>
5.26		51.82	-27.99	3.356	>
5.24	5.27	322.02	-5.16	2.044	>

PLAN
STATIONS
0.000	0.000	1.53
0.000	0.000	5.0
1.297	6.008	5.1
3.050	10.228	5.2
0.534	8.014	5.3
5.558	11.357	5.4
6.953	13.128	5.5
8.431	16.665	5.6
8.938	19.915	5.7
10.424	23.405	5.8
12.508	24.909	5.9
13.101	27.968	5.10
14.862	29.152	5.11
18.166	31.677	5.12
13.954	31.655	5.13
12.998	32.877	5.14
11.932	32.402	5.15
11.724	33.124	5.16
12.768	34.537	5.17
12.446	35.653	5.18
14.947	37.808	5.19
16.422	39.428	5.20
15.757	41.198	5.21
16.892	41.576	5.22
16.478	42.970	5.23
19.257	44.845	5.24
21.776	48.742	5.25
24.552	48.782	5.26
18.004	46.450	5.27
11.330	30.410	5.13
SHOTS
19.257	44.845	18.004	46.450
21.776	48.742	24.552	48.782
24.552	48.782	23.370	50.927
24.552	48.782	24.874	48.409
24.552	48.782	25.915	51.150
24.552	48.782	25.371	52.012
24.552	48.782	23.720	51.750
24.552	48.782	23.733	54.444
24.552	48.782	22.412	52.042
24.552	48.782	25.304	49.647
24.552	48.782	28.773	54.700
24.552	48.782	27.177	51.529
24.552	48.782	25.668	48.576
24.552	48.782	28.381	54.593
24.552	48.782	26.335	52.969
24.552	48.782	25.701	52.101
24.552	48.782	26.882	50.614
19.257	44.845	21.776	48.742
21.776	48.742	22.803	47.439
21.776	48.742	21.823	48.661
21.776	48.742	22.267	48.193
21.776	48.742	19.657	45.648
21.776	48.742	20.316	46.337
21.776	48.742	21.069	47.221
21.776	48.742	24.047	49.196
21.776	48.742	24.043	49.191
16.478	42.970	19.257	44.845
19.257	44.845	19.010	45.134
19.257	44.845	18.955	45.425
19.257	44.845	17.913	46.381
16.892	41.576	16.478	42.970
16.478	42.970	15.582	43.950
16.478	42.970	14.752	43.328
16.478	42.970	14.452	43.312
16.478	42.970	14.079	43.361
16.478	42.970	15.825	42.668
16.478	42.970	15.635	44.398
16.478	42.970	14.733	44.479
16.478	42.970	14.206	43.711
16.478	42.970	13.891	43.409
16.478	42.970	16.433	43.923
16.478	42.970	16.480	42.892
16.478	42.970	16.395	43.056
15.757	41.198	16.892	41.576
16.892	41.576	16.327	41.857
16.892	41.576	16.979	42.935
16.892	41.576	16.368	42.435
16.892	41.576	17.484	41.656
16.892	41.576	16.029	40.088
16.892	41.576	14.486	40.156
16.892	41.576	15.334	40.828
16.892	41.576	16.250	41.453
16.892	41.576	16.525	42.674
16.892	41.576	16.574	42.532
16.422	39.428	15.757	41.198
14.947	37.808	16.422	39.428
16.422	39.428	17.047	39.202
16.422	39.428	15.275	40.259
16.422	39.428	16.412	39.301
16.422	39.428	16.210	39.838
16.422	39.428	17.804	41.226
16.422	39.428	16.656	41.009
16.422	39.428	16.676	41.017
16.422	39.428	16.230	40.926
16.422	39.428	15.602	41.108
16.422	39.428	15.768	41.101
16.422	39.428	15.755	40.783
12.446	35.653	14.947	37.808
14.947	37.808	15.359	37.397
14.947	37.808	14.251	38.568
14.947	37.808	15.117	37.504
14.947	37.808	15.477	37.736
14.947	37.808	15.574	36.418
12.768	34.537	12.446	35.653
11.724	33.124	12.768	34.537
12.768	34.537	13.680	34.122
12.768	34.537	12.130	34.732
12.768	34.537	13.083	34.279
12.768	34.537	12.719	34.512
12.768	34.537	10.165	34.685
11.932	32.402	11.724	33.124
11.724	33.124	11.783	33.030
11.724	33.124	14.373	32.585
11.724	33.124	13.058	32.646
11.724	33.124	11.473	31.627
11.724	33.124	13.773	34.091
12.998	32.877	11.932	32.402
13.954	31.655	12.998	32.877
14.862	29.152	13.954	31.655
13.954	31.655	13.370	30.699
13.954	31.655	14.630	30.211
13.954	31.655	14.442	30.463
13.954	31.655	14.852	29.618
13.954	31.655	16.184	30.780
13.954	31.655	14.545	31.627
13.954	31.655	13.518	31.605
13.954	31.655	13.846	31.635
14.862	29.152	18.166	31.677
18.166	31.677	18.086	31.649
18.166	31.677	16.455	30.454
18.166	31.677	19.040	33.812
18.166	31.677	20.623	32.495
18.166	31.677	17.611	32.343
18.166	31.677	17.119	31.831
13.101	27.968	14.862	29.152
14.862	29.152	15.590	27.720
14.862	29.152	14.236	29.736
14.862	29.152	14.836	29.084
14.862	29.152	16.870	29.272
14.862	29.152	16.156	30.385
12.508	24.909	13.101	27.968
13.101	27.968	13.082	27.950
13.101	27.968	12.339	28.212
13.101	27.968	14.018	27.254
13.101	27.968	12.892	29.492
13.101	27.968	12.384	27.346
13.101	27.968	12.886	27.437
13.101	27.968	12.302	26.152
13.101	27.968	12.421	26.305
13.101	27.968	12.743	26.911
13.101	27.968	12.821	29.581
10.424	23.405	12.508	24.909
12.508	24.909	11.160	26.036
12.508	24.909	12.661	24.897
12.508	24.909	11.835	27.046
12.508	24.909	13.454	25.806
8.938	19.915	10.424	23.405
10.424	23.405	10.174	23.504
10.424	23.405	11.499	23.100
10.424	23.405	11.141	23.257
8.431	16.665	8.938	19.915
8.938	19.915	9.830	19.527
8.938	19.915	9.431	19.682
8.938	19.915	8.144	20.330
6.953	13.128	8.431	16.665
8.431	16.665	9.473	16.088
8.431	16.665	8.020	17.015
8.431	16.665	8.988	17.794
8.431	16.665	7.946	16.056
8.431	16.665	8.489	16.651
5.558	11.357	6.953	13.128
6.953	13.128	8.062	12.301
6.953	13.128	6.451	13.512
6.953	13.128	7.470	12.799
6.953	13.128	7.052	13.119
6.953	13.128	9.048	15.201
6.953	13.128	7.049	15.038
6.953	13.128	8.809	13.986
6.953	13.128	8.214	14.392
6.953	13.128	7.957	14.629
3.050	10.228	5.558	11.357
5.558	11.357	6.110	11.651
5.558	11.357	8.039	13.140
5.558	11.357	7.467	13.396
5.558	11.357	5.226	11.977
5.558	11.357	5.993	11.971
5.558	11.357	6.525	11.147
1.297	6.008	0.534	8.014
0.534	8.014	2.766	9.330
1.297	6.008	3.050	10.228
3.050	10.228	4.375	10.916
3.050	10.228	3.475	9.809
3.050	10.228	2.402	7.900
3.050	10.228	3.068	9.261
3.050	10.228	3.923	9.317
3.050	10.228	4.220	10.725
0.000	0.000	1.297	6.008
1.297	6.008	0.245	6.683
1.297	6.008	0.155	3.500
1.297	6.008	1.321	7.595
1.297	6.008	0.416	6.326
1.297	6.008	2.048	5.365
1.297	6.008	1.397	9.213
1.297	6.008	0.520	8.006
0.000	0.000	0.000	0.000
0.000	0.000	-0.531	-0.275
0.000	0.000	-0.893	0.718
0.000	0.000	1.114	0.931
0.000	0.000	5.448	3.451
11.330	30.410	10.356	31.065	
11.330	30.410	11.219	32.004	
11.330	30.410	11.177	30.618	
11.330	30.410	11.125	30.980	
11.330	30.410	12.854	31.934	
11.330	30.410	11.833	30.336	
11.330	30.410	10.924	30.434	
11.330	30.410	11.226	30.702	
POLYLINE BLACK
41.679	10.155
POLYLINE BLACK
26.499	53.095
26.419	53.075
26.379	53.035
POLYLINE BLACK
26.559	53.355
26.519	53.275
POLYLINE BLACK
26.939	53.875
26.859	53.855
26.819	53.815
26.679	53.755
26.679	53.615
26.559	53.495
POLYLINE BLACK
27.259	54.055
27.099	54.015
POLYLINE BLACK
27.479	54.235
27.399	54.215
POLYLINE BLACK
28.179	54.635
27.999	54.575
27.879	54.495
27.859	54.435
27.819	54.435
27.679	54.355
POLYLINE BLACK
28.339	54.735
POLYLINE BLACK
28.819	54.955
POLYLINE BLACK
28.919	54.835
28.899	54.875
POLYLINE BLACK
29.039	54.655
28.999	54.695
POLYLINE BLACK
28.939	54.295
28.919	54.335
POLYLINE BLACK
28.799	53.955
28.799	53.995
POLYLINE BLACK
28.659	53.515
28.659	53.615
28.679	53.655
POLYLINE BLACK
28.479	53.235
28.479	53.275
POLYLINE BLACK
28.319	52.955
28.319	53.015
28.359	53.055
POLYLINE BLACK
28.079	52.635
POLYLINE BLACK
27.939	52.335
POLYLINE BLACK
27.779	52.155
POLYLINE BLACK
27.619	51.835
27.619	51.875
POLYLINE BLACK
27.539	51.535
POLYLINE BLACK
27.339	51.275
POLYLINE BLACK
26.979	50.955
POLYLINE BLACK
27.519	51.035
27.499	50.935
27.519	50.715
27.519	50.615
27.479	50.815
27.479	50.855
27.459	50.755
27.459	50.715
POLYLINE BLACK
27.259	50.615
27.299	50.655
27.539	50.715
27.839	50.775
27.419	50.775
27.179	50.755
27.219	50.775
27.379	50.775
27.519	50.795
27.599	50.775
POLYLINE BLACK
27.439	51.035
27.419	50.935
27.399	50.695
27.399	50.615
27.399	50.615
27.339	50.795
27.339	50.735
27.379	50.615
27.379	50.555
27.399	50.515
27.399	50.655
27.379	50.875
27.379	50.935
27.399	50.835
27.399	50.675
27.439	50.435
27.439	50.875
27.459	50.955
27.459	50.955
27.439	50.735
27.439	50.475
27.399	50.635
27.379	50.915
27.399	51.015
27.479	50.615
27.479	50.475
27.479	50.475
27.399	50.935
27.399	50.975
27.439	50.895
27.519	50.475
POLYLINE BLACK
27.079	50.575
27.219	50.635
27.579	50.715
27.399	50.775
27.259	50.755
27.359	50.755
27.479	50.775
27.619	50.755
27.619	50.755
27.419	50.735
27.279	50.695
27.179	50.695
27.079	50.675
27.139	50.655
27.239	50.675
27.579	50.715
27.659	50.735
27.519	50.735
27.199	50.675
27.159	50.675
27.199	50.655
27.259	50.675
27.479	50.695
27.639	50.735
27.359	50.735
27.079	50.695
26.999	50.655
27.059	50.655
27.159	50.675
27.539	50.755
27.659	50.755
27.579	50.775
27.279	50.755
27.159	50.735
27.199	50.715
27.259	50.735
27.299	50.715
POLYLINE BLACK
27.199	50.715
27.119	50.695
26.939	50.595
POLYLINE BLACK
27.239	50.675
POLYLINE BLACK
26.779	50.275
26.839	50.335
26.899	50.355
27.119	50.615
POLYLINE BLACK
26.659	50.075
26.659	50.115
POLYLINE BLACK
26.519	49.975
26.499	50.015
POLYLINE BLACK
26.359	49.875
POLYLINE BLACK
26.719	50.575
26.839	50.675
POLYLINE BLACK
26.659	50.535
POLYLINE BLACK
26.359	50.415
26.559	50.475
26.599	50.515
POLYLINE BLACK
26.519	50.595
26.579	50.595
POLYLINE BLACK
26.179	50.355
POLYLINE BLACK
23.599	51.375
23.559	51.415
23.559	51.455
23.519	51.515
23.439	51.495
23.319	51.335
23.119	50.955
23.099	50.875
23.059	50.755
POLYLINE BLACK
23.559	51.335
POLYLINE BLACK
25.819	51.875
25.599	51.975
25.519	51.995
25.479	51.975
25.359	52.015
25.299	52.015
25.179	52.055
25.039	52.055
24.959	52.075
24.819	52.075
24.719	52.055
24.479	52.035
24.259	51.975
24.199	51.975
24.159	51.995
23.899	51.875
23.799	51.855
23.539	51.635
23.379	51.435
23.359	51.375
POLYLINE BLACK
25.379	56.695
POLYLINE BLACK
25.599	57.035
25.499	56.975
25.479	56.895
25.459	56.815
POLYLINE BLACK
26.159	57.815
25.979	57.655
25.899	57.515
25.899	57.475
25.759	57.335
POLYLINE BLACK
26.479	58.035
26.419	57.975
26.279	57.875
POLYLINE BLACK
26.559	57.855
POLYLINE BLACK
26.259	57.375
26.259	57.455
26.339	57.555
POLYLINE BLACK
25.859	56.855
25.859	56.895
26.039	57.075
26.099	57.175
POLYLINE BLACK
25.639	56.595
25.799	56.815
25.939	56.955
25.959	56.995
POLYLINE BLACK
26.299	57.195
POLYLINE BLACK
26.279	56.975
POLYLINE BLACK
26.019	56.675
26.039	56.715
POLYLINE BLACK
25.639	56.255
25.699	56.355
25.779	56.435
POLYLINE BLACK
25.739	57.215
25.879	57.315
POLYLINE BLACK
25.459	56.835
25.559	56.975
POLYLINE BLACK
25.039	56.435
25.179	56.575
25.259	56.715
25.259	56.775
POLYLINE BLACK
24.819	55.835
24.639	55.575
24.519	55.315
24.519	55.255
24.399	54.915
24.379	54.735
24.379	54.615
24.339	54.455
24.339	54.355
24.319	54.275
24.339	54.055
24.339	53.835
24.319	53.755
24.319	53.595
24.399	53.375
24.499	53.215
24.539	53.055
24.539	52.995
24.579	52.855
24.679	52.695
24.859	52.555
24.939	52.475
25.059	52.415
25.099	52.355
25.179	52.335
25.299	52.275
25.399	52.255
25.559	52.195
25.679	52.175
25.879	51.915
25.939	51.775
POLYLINE BLACK
25.439	56.455
25.279	56.275
25.219	56.175
24.959	55.935
24.899	55.875
24.839	55.775
24.839	55.735
POLYLINE BLACK
24.799	56.135
24.919	56.255
25.079	56.455
POLYLINE BLACK
25.099	55.835
25.059	55.835
POLYLINE BLACK
25.219	56.015
25.179	56.015
25.139	55.955
POLYLINE BLACK
25.359	56.135
25.239	56.075
POLYLINE BLACK
25.459	56.275
25.339	56.195
POLYLINE BLACK
25.639	56.415
25.499	56.375
POLYLINE BLACK
25.659	56.535
POLYLINE BLACK
25.179	56.455
POLYLINE BLACK
24.939	56.275
POLYLINE BLACK
23.579	54.495
23.799	54.815
23.939	55.015
24.079	55.215
24.199	55.335
24.279	55.475
24.419	55.675
24.719	56.095
24.819	56.215
POLYLINE BLACK
23.619	54.575
23.659	54.695
23.759	54.835
23.759	54.875
POLYLINE BLACK
22.899	50.315
23.039	50.455
23.059	50.575
23.099	50.615
23.099	50.795
23.039	50.995
22.799	51.275
22.679	51.355
22.439	51.615
22.339	51.775
22.319	51.935
22.319	52.075
22.359	52.255
22.419	52.335
22.419	52.375
22.519	52.495
22.599	52.675
22.759	52.875
22.839	53.055
22.899	53.155
23.019	53.315
23.019	53.355
23.079	53.455
23.379	53.975
23.539	54.175
23.619	54.375
23.619	54.435
23.639	54.515
23.639	54.595
23.679	54.715
POLYLINE BLACK
23.099	50.735
POLYLINE BLACK
25.059	48.395
25.439	48.735
25.799	49.115
25.899	49.335
25.899	49.395
25.999	49.575
26.079	49.755
26.099	49.835
26.119	49.915
26.139	50.135
26.139	50.475
26.159	50.575
26.159	50.635
26.179	50.715
26.179	50.855
26.059	51.215
25.939	51.475
25.939	51.515
25.739	51.795
25.739	51.835
25.639	51.975
POLYLINE BLACK
21.599	48.855
21.699	48.855
21.779	48.915
21.819	48.915
21.999	49.035
22.299	49.375
22.559	49.615
22.579	49.695
22.679	49.875
22.839	50.075
22.879	50.175
23.199	50.655
23.379	50.835
POLYLINE BLACK
21.539	48.875
21.579	48.855
21.659	48.935
21.699	48.935
21.819	49.035
POLYLINE BLACK
22.839	47.275
22.839	47.315
23.019	47.495
23.159	47.555
23.399	47.675
23.479	47.735
23.519	47.735
23.639	47.835
23.939	47.915
24.039	47.935
24.239	47.995
24.319	48.015
24.439	48.055
24.699	48.315
24.819	48.315
24.859	48.355
24.899	48.335
25.059	48.375
25.099	48.375
25.159	48.435
POLYLINE BLACK
19.259	44.735
19.299	44.735
19.459	44.895
19.659	44.995
19.699	44.995
19.999	45.295
20.159	45.395
20.499	45.875
20.679	45.995
20.799	46.115
21.039	46.195
21.119	46.195
21.199	46.255
21.299	46.275
21.459	46.315
21.499	46.295
21.619	46.335
21.719	46.335
21.879	46.395
22.079	46.555
22.279	46.735
22.479	46.855
22.919	47.315
POLYLINE BLACK
19.259	44.675
POLYLINE BLACK
19.059	47.375
19.079	47.415
19.119	47.395
19.159	47.435
19.199	47.435
19.279	47.515
19.419	47.515
19.499	47.535
19.739	47.715
19.919	47.935
20.119	48.095
20.219	48.115
20.419	48.215
20.499	48.215
20.579	48.235
20.619	48.235
20.659	48.275
20.779	48.275
21.119	48.415
21.359	48.595
21.419	48.675
21.499	48.695
21.699	48.815
21.739	48.815
POLYLINE BLACK
18.699	45.825
18.639	45.885
18.569	45.905
18.479	45.885
18.389	45.865
18.259	45.755
18.229	45.715
18.179	45.595
18.179	45.565
18.169	45.515
18.169	45.475
18.199	45.385
18.269	45.285
18.309	45.235
18.459	45.165
18.499	45.165
18.519	45.155
18.589	45.155
18.639	45.165
18.669	45.155
18.829	45.225
18.949	45.335
18.959	45.365
19.009	45.425
19.039	45.535
19.039	45.565
18.989	45.715
18.889	45.825
18.709	45.925
18.599	45.955
18.549	45.965
18.479	45.915
18.449	45.875
POLYLINE BLACK
16.429	43.965
16.519	43.935
16.539	43.915
16.579	43.925
16.639	43.925
16.719	43.985
16.759	44.075
16.859	44.145
16.939	44.225
16.959	44.275
16.959	44.305
16.969	44.345
16.969	44.475
17.029	44.535
17.089	44.575
17.159	44.685
17.179	44.785
17.269	45.055
17.359	45.225
17.389	45.285
17.399	45.375
17.409	45.415
17.409	45.545
17.429	45.605
17.519	45.715
17.609	45.875
17.639	45.945
17.639	45.975
17.669	46.035
17.669	46.065
17.789	46.265
17.859	46.305
17.879	46.305
17.919	46.335
POLYLINE BLACK
14.689	44.495
14.689	44.495
14.729	44.525
14.849	44.545
14.879	44.545
14.899	44.555
14.969	44.535
15.019	44.505
15.089	44.465
15.209	44.275
15.239	44.225
15.369	44.125
15.409	44.115
15.459	44.225
15.459	44.245
15.519	44.365
15.599	44.445
15.659	44.465
15.759	44.425
15.949	44.235
16.059	44.155
16.179	44.115
16.279	44.055
16.479	43.935
POLYLINE BLACK
16.019	42.655
15.999	42.675
15.959	42.685
15.929	42.675
15.869	42.695
15.829	42.705
15.719	42.755
15.679	42.785
15.609	42.815
15.559	42.845
15.499	42.865
15.339	42.955
15.299	42.965
15.259	42.985
15.229	42.985
15.169	43.015
15.129	43.015
14.989	43.055
14.959	43.055
14.879	43.085
14.829	43.095
14.789	43.115
14.759	43.115
14.549	43.205
14.459	43.215
14.379	43.245
14.339	43.255
14.299	43.265
14.269	43.265
14.059	43.335
14.019	43.365
13.969	43.395
13.919	43.455
13.929	43.495
13.979	43.545
14.039	43.575
14.059	43.575
14.139	43.645
14.139	43.675
14.179	43.795
14.199	43.835
14.199	43.865
14.239	43.925
14.269	43.965
14.289	44.015
14.329	44.075
14.349	44.155
14.389	44.255
14.519	44.345
14.559	44.345
14.689	44.415
POLYLINE BLACK
16.189	41.655
16.209	41.625
16.229	41.625
16.319	41.745
16.329	41.785
16.349	41.835
16.369	41.855
16.379	41.935
16.389	42.155
16.379	42.245
16.369	42.285
16.369	42.365
16.379	42.455
16.359	42.515
16.269	42.605
16.229	42.635
16.189	42.645
16.109	42.675
16.069	42.675
16.019	42.685
15.999	42.675
15.969	42.685
POLYLINE BLACK
18.379	44.165
18.519	44.295
18.749	44.445
18.829	44.515
18.869	44.525
18.909	44.535
18.949	44.545
19.009	44.565
19.039	44.565
19.159	44.605
19.229	44.665
19.299	44.705
19.319	44.705
19.399	44.765
19.429	44.815
19.439	44.795
POLYLINE BLACK
17.059	42.995
17.059	43.035
17.079	43.085
17.159	43.185
17.209	43.245
17.219	43.275
17.279	43.335
17.349	43.405
17.449	43.465
17.589	43.575
17.679	43.635
17.729	43.645
17.789	43.705
17.819	43.735
17.839	43.745
17.849	43.775
17.939	43.825
18.019	43.855
18.109	43.925
18.209	43.985
18.309	44.075
POLYLINE BLACK
17.099	42.945
17.079	42.935
17.049	42.975
17.049	43.015
17.189	43.115
17.299	43.185
POLYLINE BLACK
16.935	41.520
16.975	41.530
16.985	41.560
17.075	41.650
17.095	41.690
17.135	41.730
17.215	41.850
17.265	41.980
17.265	42.010
17.285	42.090
17.285	42.140
17.295	42.180
17.295	42.430
17.285	42.470
17.285	42.500
17.255	42.580
17.255	42.610
17.185	42.760
17.085	42.910
16.995	42.960
17.055	42.870
17.065	42.830
17.075	42.810
POLYLINE BLACK
16.255	41.110
16.235	41.120
16.225	41.150
16.255	41.180
16.395	41.270
16.445	41.280
16.545	41.330
16.565	41.320
16.605	41.330
16.645	41.320
16.745	41.350
16.815	41.420
16.855	41.430
16.875	41.450
16.955	41.470
16.975	41.490
POLYLINE BLACK
15.565	41.120
15.675	41.220
15.905	41.370
15.925	41.370
16.055	41.470
16.105	41.520
16.185	41.560
16.235	41.570
16.275	41.580
16.315	41.570
POLYLINE BLACK
16.490	41.030
16.430	41.015
16.370	41.045
16.340	41.045
16.280	41.075
16.235	41.075
16.175	41.105
16.145	41.105
16.100	41.165
POLYLINE BLACK
16.610	41.105
16.430	41.000
16.370	41.015
16.310	41.015
16.205	41.060
16.175	41.090
POLYLINE BLACK
17.015	39.170
17.015	39.230
17.030	39.290
17.105	39.410
17.210	39.605
17.240	39.695
17.270	39.725
17.405	40.025
17.675	40.400
17.750	40.490
17.915	40.715
18.005	40.865
18.020	40.940
18.050	41.000
18.065	41.135
17.990	41.255
17.870	41.330
17.840	41.345
17.585	41.345
17.480	41.300
17.375	41.300
17.345	41.270
17.270	41.270
17.150	41.195
17.045	41.165
16.985	41.105
16.910	41.105
16.880	41.075
16.850	41.075
16.820	41.060
16.790	41.075
16.760	41.045
16.700	41.045
16.610	41.015
16.580	41.030
16.550	41.015
16.520	41.030
16.460	41.000
16.430	41.000
POLYLINE BLACK
15.305	40.310
15.305	40.340
15.365	40.445
15.365	40.475
15.410	40.580
15.410	40.610
15.425	40.640
15.425	40.685
15.440	40.745
15.470	40.775
15.470	40.805
15.515	40.895
15.530	41.030
15.560	41.090
POLYLINE BLACK
14.225	38.600
14.225	38.630
14.240	38.660
14.240	38.705
14.270	38.735
14.300	38.810
14.330	38.840
14.390	38.960
14.390	38.990
14.450	39.125
14.480	39.155
14.480	39.185
14.555	39.335
14.750	39.500
14.915	39.605
14.990	39.665
15.095	39.800
15.125	39.875
15.185	39.965
15.260	40.145
15.425	40.340
15.455	40.340
POLYLINE BLACK
15.380	37.490
15.395	37.520
15.695	37.730
15.740	37.745
15.800	37.790
15.815	37.820
15.890	37.850
16.100	38.105
16.145	38.165
16.265	38.270
16.265	38.300
16.370	38.345
16.475	38.465
16.520	38.495
16.700	38.735
16.745	38.840
16.745	38.870
16.895	39.080
16.925	39.110
16.940	39.155
POLYLINE BLACK
13.910	38.090
13.955	38.150
14.060	38.225
14.105	38.315
14.120	38.390
14.210	38.540
14.270	38.600
POLYLINE BLACK
13.940	38.135
POLYLINE BLACK
15.665	36.425
15.560	36.425
POLYLINE BLACK
15.710	36.545
15.710	36.515
POLYLINE BLACK
15.470	37.265
15.500	37.265
15.590	37.085
15.710	36.905
15.740	36.845
15.740	36.800
15.755	36.770
POLYLINE BLACK
15.620	36.965
15.575	37.025
POLYLINE BLACK
15.680	36.785
POLYLINE BLACK
15.830	36.650
POLYLINE BLACK
15.815	36.425
POLYLINE BLACK
15.440	36.455
POLYLINE BLACK
15.350	36.665
POLYLINE BLACK
15.215	36.800
POLYLINE BLACK
15.185	37.010
POLYLINE BLACK
15.125	37.115
15.140	37.055
POLYLINE BLACK
13.580	34.565
13.490	34.640
13.445	34.730
13.445	34.775
13.430	34.835
13.490	34.955
13.580	35.030
13.655	35.165
13.655	35.195
13.730	35.345
13.790	35.435
13.835	35.540
13.910	35.630
13.955	35.645
13.970	35.690
14.045	35.810
14.075	35.870
14.105	36.035
14.150	36.140
14.300	36.335
14.390	36.410
14.465	36.545
14.510	36.605
14.525	36.650
14.660	36.845
14.810	36.980
14.945	37.070
15.110	37.205
15.200	37.280
15.335	37.445
15.425	37.520
POLYLINE BLACK
12.050	34.595
12.095	34.655
12.095	34.685
12.125	34.805
12.125	34.835
12.170	34.970
12.170	35.000
12.200	35.060
12.200	35.090
12.230	35.150
12.230	35.180
12.260	35.240
12.260	35.405
12.275	35.465
12.275	35.495
12.305	35.525
12.320	35.600
12.335	35.660
12.335	35.750
12.380	35.810
12.425	35.915
12.425	35.945
12.455	36.005
12.455	36.035
12.560	36.215
12.590	36.290
12.620	36.320
12.620	36.350
12.695	36.515
12.725	36.545
12.755	36.545
12.785	36.590
12.845	36.620
12.905	36.695
12.935	36.770
12.980	36.830
13.010	36.845
13.055	36.935
13.160	37.010
13.175	37.055
13.250	37.100
13.250	37.130
13.310	37.190
13.340	37.265
13.460	37.415
13.520	37.460
13.550	37.505
13.580	37.505
13.700	37.610
13.745	37.715
13.805	37.805
13.850	37.955
13.940	38.105
13.970	38.135
POLYLINE BLACK
13.745	34.190
13.745	34.160
13.670	34.250
13.580	34.445
13.580	34.535
13.610	34.610
POLYLINE BLACK
13.835	34.025
13.760	34.145
POLYLINE BLACK
11.690	33.455
11.750	33.485
11.825	33.605
11.885	33.770
11.885	33.800
11.930	33.935
11.960	34.070
11.990	34.130
11.990	34.190
12.005	34.220
12.005	34.265
12.035	34.325
12.035	34.355
12.095	34.520
12.095	34.550
POLYLINE BLACK
14.375	32.630
14.375	32.690
14.405	32.810
14.405	32.840
14.390	32.900
14.345	32.960
14.315	32.960
14.285	32.990
14.240	33.005
14.165	33.095
14.105	33.290
14.060	33.380
14.000	33.395
13.820	33.545
13.760	33.680
13.760	33.920
13.775	33.950
13.775	33.995
13.790	34.025
POLYLINE BLACK
11.225	30.260
11.315	30.290
POLYLINE BLACK
11.420	30.275
11.450	30.290
11.540	30.230
11.585	30.230
11.645	30.200
11.705	30.200
11.765	30.185
11.855	30.185
11.975	30.275
12.020	30.335
12.020	30.395
12.005	30.425
12.005	30.470
11.870	30.620
11.720	30.665
11.690	30.695
11.660	30.695
11.600	30.710
11.540	30.665
11.510	30.560
11.510	30.500
11.525	30.440
11.510	30.365
11.540	30.275
11.495	30.335
11.465	30.440
11.465	30.575
11.495	30.635
11.495	30.665
11.555	30.710
11.585	30.710
11.615	30.725
11.690	30.710
11.750	30.725
11.780	30.710
11.825	30.725
11.885	30.680
11.900	30.650
11.960	30.605
12.035	30.440
12.035	30.410
12.020	30.380
11.870	30.260
11.720	30.215
11.585	30.215
11.495	30.275
11.465	30.305
11.465	30.365
POLYLINE BLACK
10.970	30.800
10.970	30.770
10.940	30.755
10.910	30.770
10.970	30.800
11.000	30.800
11.120	30.830
11.150	30.830
11.270	30.770
11.345	30.680
11.345	30.650
11.315	30.530
11.315	30.425
11.345	30.365
11.345	30.275
11.315	30.215
11.285	30.215
11.225	30.170
11.165	30.170
11.105	30.140
11.045	30.155
10.985	30.155
10.955	30.170
10.925	30.215
10.895	30.215
10.775	30.290
10.760	30.320
10.730	30.320
10.700	30.425
10.760	30.560
10.925	30.695
10.985	30.740
POLYLINE CONNECT
11.330	30.410
13.954	31.655
POLYLINE BLACK
13.955	31.715
POLYLINE BLACK
14.795	31.595
14.765	31.595
14.705	31.640
14.675	31.640
14.645	31.670
14.615	31.670
14.465	31.925
14.465	31.955
14.420	32.015
14.420	32.045
14.330	32.120
14.330	32.150
14.315	32.210
14.315	32.240
14.360	32.330
14.375	32.465
14.375	32.645
14.390	32.720
POLYLINE BLACK
13.475	31.505
13.505	31.565
13.505	31.625
13.490	31.655
13.430	31.700
13.370	31.700
13.340	31.715
13.295	31.715
13.235	31.730
13.205	31.730
13.025	31.790
12.995	31.790
12.875	31.865
12.785	31.865
12.725	31.880
12.695	31.880
12.635	31.865
12.575	31.865
12.545	31.895
12.530	31.865
12.470	31.895
12.410	31.895
12.305	31.850
12.275	31.865
12.155	31.805
12.095	31.805
11.960	31.745
11.870	31.745
11.840	31.760
11.705	31.715
11.675	31.715
11.615	31.700
11.540	31.700
11.510	31.685
11.480	31.700
11.420	31.670
11.390	31.670
11.330	31.715
11.240	31.880
11.240	31.925
11.255	31.985
11.270	32.060
11.345	32.225
11.390	32.285
11.420	32.360
11.480	32.450
11.495	32.600
11.495	32.840
11.555	33.065
11.570	33.095
11.570	33.140
11.630	33.275
11.660	33.290
11.675	33.350
11.735	33.440
POLYLINE BLACK
11.630	31.610
11.690	31.595
11.720	31.595
POLYLINE BLACK
16.295	30.870
16.250	30.810
16.145	30.735
15.995	30.735
15.785	30.690
15.725	30.690
15.560	30.555
15.530	30.495
15.530	30.465
15.665	30.435
15.710	30.435
15.845	30.495
15.875	30.495
15.935	30.525
15.995	30.525
16.130	30.555
16.190	30.585
16.220	30.585
16.250	30.555
16.235	30.525
16.190	30.495
16.160	30.495
16.055	30.435
16.025	30.435
15.950	30.390
15.920	30.390
15.770	30.435
15.710	30.465
15.680	30.465
15.650	30.495
15.650	30.525
15.710	30.615
15.965	30.810
16.085	30.900
16.130	30.900
16.190	30.930
POLYLINE BLACK
13.220	30.660
13.235	30.630
13.265	30.645
13.355	30.810
13.355	30.870
13.295	30.990
13.295	31.035
13.370	31.155
13.430	31.275
13.430	31.335
13.460	31.470
13.460	31.530
POLYLINE BLACK
16.295	30.825
16.265	30.825
16.220	30.885
16.220	30.975
16.190	31.035
16.190	31.170
16.220	31.230
16.205	31.305
16.145	31.365
16.100	31.380
15.920	31.500
15.890	31.500
15.800	31.545
15.740	31.530
15.710	31.530
15.650	31.545
15.575	31.530
15.515	31.545
15.455	31.530
15.260	31.530
15.230	31.515
15.170	31.530
15.110	31.530
15.050	31.545
14.855	31.545
14.795	31.560
14.765	31.560
14.735	31.545
14.675	31.560
14.615	31.560
POLYLINE BLACK
16.280	30.630
16.250	30.600
16.205	30.585
16.055	30.480
16.025	30.480
15.995	30.450
15.845	30.450
15.800	30.435
POLYLINE BLACK
13.235	30.510
13.145	30.390
13.130	30.360
POLYLINE BLACK
13.385	30.330
13.355	30.330
13.295	30.300
POLYLINE BLACK
13.325	30.600
13.145	30.405
POLYLINE BLACK
13.550	30.435
13.490	30.390
13.460	30.390
13.400	30.360
13.370	30.360
13.310	30.315
13.280	30.315
POLYLINE BLACK
13.790	30.435
13.670	30.495
13.565	30.450
13.535	30.450
13.490	30.390
13.430	30.345
13.400	30.345
13.310	30.300
13.250	30.300
13.205	30.390
13.205	30.420
13.295	30.570
13.340	30.705
13.340	30.735
POLYLINE BLACK
14.135	30.105
14.075	30.195
14.045	30.270
13.865	30.435
13.775	30.480
13.745	30.480
13.685	30.495
POLYLINE BLACK
14.150	29.670
14.165	29.730
14.180	29.865
14.195	29.895
14.195	29.940
14.180	30.000
14.180	30.030
14.060	30.240
POLYLINE BLACK
21.280	33.765
POLYLINE BLACK
14.020	29.605
14.020	29.645
14.080	29.725
14.080	29.765
14.120	29.805
14.120	29.885
POLYLINE BLACK
14.050	29.745
14.090	29.665
14.130	29.785
14.130	29.885
14.190	29.805
14.170	29.845
POLYLINE BLACK
16.290	30.725
16.230	30.665
16.230	30.625
16.190	30.605
16.130	30.685
16.130	30.725
POLYLINE BLACK
16.330	30.785
POLYLINE BLACK
16.370	30.745
POLYLINE BLACK
18.670	32.045
18.630	32.025
POLYLINE BLACK
18.470	31.725
POLYLINE BLACK
18.590	31.965
18.510	31.825
POLYLINE BLACK
18.690	32.185
18.670	32.105
POLYLINE BLACK
18.490	31.905
18.490	31.945
POLYLINE BLACK
18.350	31.645
18.350	31.685
POLYLINE BLACK
20.050	32.205
POLYLINE BLACK
20.430	32.385
20.390	32.365
POLYLINE BLACK
20.610	32.465
POLYLINE BLACK
20.670	32.785
20.670	32.725
POLYLINE BLACK
20.230	32.665
POLYLINE BLACK
20.570	32.805
POLYLINE BLACK
20.730	32.765
20.690	32.745
POLYLINE BLACK
18.790	31.625
18.950	31.605
19.070	31.645
19.150	31.645
19.230	31.705
19.270	31.685
19.410	31.725
19.430	31.785
19.510	31.765
19.750	31.925
19.850	31.985
19.890	31.985
20.130	32.145
20.170	32.145
20.270	32.245
20.370	32.265
20.450	32.265
20.510	32.325
20.730	32.385
20.830	32.565
20.910	32.765
20.910	32.825
20.750	32.785
POLYLINE BLACK
18.530	31.485
18.570	31.525
POLYLINE BLACK
20.430	32.745
20.510	32.785
POLYLINE BLACK
19.850	32.525
19.910	32.585
19.990	32.605
20.110	32.685
20.190	32.685
20.230	32.705
20.310	32.685
POLYLINE BLACK
19.450	32.445
19.450	32.485
19.530	32.445
19.590	32.505
19.670	32.505
POLYLINE BLACK
19.230	32.345
19.270	32.345
POLYLINE BLACK
18.930	32.245
19.010	32.245
19.050	32.285
19.090	32.265
POLYLINE BLACK
17.830	32.485
17.730	32.465
17.490	32.225
17.270	32.025
17.090	31.665
16.990	31.565
16.830	31.285
16.690	31.145
16.610	31.025
16.510	30.925
16.370	30.745
16.310	30.685
16.230	30.645
POLYLINE BLACK
18.890	33.825
18.830	33.765
18.630	33.505
18.630	33.465
18.570	33.385
18.570	33.345
18.430	33.145
18.390	33.105
18.390	33.045
18.210	32.865
17.950	32.705
17.690	32.365
POLYLINE BLACK
18.650	32.025
18.910	32.445
18.930	32.525
18.990	32.685
19.050	32.985
19.150	33.385
19.150	33.445
19.190	33.605
19.170	33.785
19.170	33.865
19.150	33.945
19.110	33.985
19.030	33.965
18.910	33.885
18.810	33.665
18.810	33.625
POLYLINE BLACK
18.310	31.425
18.370	31.505
18.370	31.545
POLYLINE BLACK
16.790	29.125
16.850	29.305
16.950	29.425
16.970	29.505
17.090	29.765
17.190	29.885
17.290	30.005
17.290	30.045
17.490	30.245
17.490	30.285
17.690	30.565
17.810	30.645
17.950	30.845
18.010	30.945
18.150	31.145
18.250	31.245
18.270	31.285
POLYLINE BLACK
18.710	32.385
18.750	32.285
POLYLINE BLACK
15.490	27.825
15.570	27.845
15.750	27.905
15.910	28.045
16.190	28.285
16.270	28.405
16.410	28.545
16.490	28.725
16.650	28.965
16.790	29.125
POLYLINE BLACK
16.390	30.625
16.350	30.605
16.270	30.665
16.270	30.705
16.230	30.745
POLYLINE BLACK
14.130	29.685
14.150	29.765
14.170	29.845
14.190	29.765
POLYLINE BLACK
16.230	30.465
16.210	30.505
16.330	30.665
POLYLINE BLACK
13.270	29.005
13.530	29.185
13.610	29.205
13.770	29.365
13.850	29.385
13.930	29.465
13.970	29.465
14.170	29.625
14.210	29.625
14.230	29.665
POLYLINE BLACK
13.270	29.025
POLYLINE BLACK
13.130	28.925
POLYLINE BLACK
14.030	27.225
14.330	27.365
14.430	27.385
14.550	27.425
14.590	27.425
14.790	27.545
15.010	27.625
15.250	27.745
15.330	27.745
15.370	27.765
15.410	27.745
15.490	27.785
POLYLINE BLACK
13.940	27.120
13.960	27.200
14.040	27.280
POLYLINE BLACK
13.260	29.180
POLYLINE BLACK
13.140	29.260
13.160	29.220
POLYLINE BLACK
13.100	29.340
POLYLINE BLACK
13.120	29.520
13.120	29.480
POLYLINE BLACK
13.080	29.660
POLYLINE BLACK
13.020	29.820
POLYLINE BLACK
12.840	29.760
12.860	29.800
POLYLINE BLACK
12.740	29.700
12.760	29.740
POLYLINE BLACK
12.760	29.580
POLYLINE BLACK
12.720	29.520
POLYLINE BLACK
12.700	29.340
12.720	29.380
POLYLINE BLACK
12.740	29.240
12.720	29.280
POLYLINE BLACK
12.780	29.020
POLYLINE BLACK
12.380	28.160
12.400	28.280
12.660	28.700
12.700	28.700
12.740	28.780
POLYLINE BLACK
11.780	27.000
11.920	27.160
12.120	27.500
12.140	27.600
12.160	27.680
12.200	27.860
12.320	28.140
12.320	28.180
POLYLINE BLACK
13.380	25.720
13.360	25.760
13.420	26.020
13.620	26.520
13.680	26.800
13.720	26.900
13.860	27.040
13.920	27.140
13.920	27.180
POLYLINE BLACK
12.660	24.600
12.940	24.880
13.000	24.940
13.260	25.360
13.340	25.580
13.440	25.740
POLYLINE BLACK
10.120	23.520
10.360	23.760
10.420	23.860
10.560	24.040
10.600	24.140
10.660	24.240
10.720	24.360
10.740	24.540
10.840	24.900
10.960	25.220
11.000	25.260
11.020	25.340
11.060	25.460
11.060	25.520
11.080	25.600
11.080	25.680
11.100	25.780
11.120	25.860
11.160	25.940
11.160	26.000
11.200	26.100
11.260	26.200
11.300	26.300
11.680	26.860
11.780	26.980
POLYLINE BLACK
11.500	23.100
11.640	23.360
12.060	23.980
12.340	24.260
12.580	24.520
POLYLINE BLACK
9.540	16.140
9.500	16.180
9.500	16.460
9.460	16.640
9.460	16.760
9.400	16.980
9.380	17.060
9.260	17.220
9.200	17.520
9.120	17.680
9.100	17.860
9.100	18.000
9.120	18.080
9.180	18.340
9.220	18.420
9.220	18.480
9.360	18.740
9.380	18.820
9.500	18.980
9.580	19.060
9.800	19.400
9.820	19.480
9.880	19.560
9.880	19.620
10.100	20.040
10.120	20.140
10.260	20.420
10.300	20.520
10.340	20.560
10.360	20.640
10.560	21.040
10.620	21.140
10.700	21.320
10.720	21.400
10.840	21.640
10.860	21.720
11.060	22.160
11.060	22.220
11.180	22.420
11.180	22.480
11.240	22.560
11.260	22.640
11.320	22.760
11.340	22.840
11.380	22.920
11.380	22.980
11.440	23.100
11.440	23.140
POLYLINE BLACK
9.740	22.840
9.800	22.980
9.940	23.140
9.980	23.240
10.140	23.440
10.280	23.540
POLYLINE BLACK
8.620	21.400
9.000	21.920
9.120	22.080
9.220	22.180
9.380	22.480
9.520	22.660
POLYLINE BLACK
7.920	20.040
7.980	20.180
8.040	20.260
8.100	20.400
8.260	20.660
8.460	21.080
8.580	21.240
POLYLINE BLACK
7.880	18.940
7.860	19.020
7.840	19.100
7.840	19.340
7.860	19.480
7.880	19.700
7.880	19.940
7.900	20.040
7.920	20.120
POLYLINE BLACK
8.040	17.580
8.040	17.740
8.020	17.840
8.000	17.920
7.960	18.040
7.960	18.120
7.940	18.220
7.940	18.340
7.900	18.520
7.900	18.620
7.880	18.700
7.880	18.820
POLYLINE BLACK
8.020	16.980
8.060	17.100
8.060	17.240
8.080	17.320
8.080	17.400
8.100	17.540
8.100	17.600
POLYLINE BLACK
7.940	16.670
7.960	16.750
8.060	16.910
8.080	16.990
POLYLINE BLACK
9.220	15.190
9.160	15.290
9.180	15.370
9.300	15.570
9.300	15.610
9.360	15.670
9.420	15.770
9.460	16.050
9.500	16.130
POLYLINE BLACK
6.980	14.950
7.200	15.170
7.320	15.410
7.360	15.570
7.420	15.750
7.620	16.070
7.740	16.270
7.740	16.310
7.800	16.410
7.860	16.470
7.960	16.710
7.980	16.790
8.020	16.870
POLYLINE BLACK
1.310	7.710
1.230	7.770
1.150	7.770
1.070	7.790
0.990	7.750
0.890	7.770
0.770	7.690
0.710	7.610
0.710	7.430
0.810	7.310
0.850	7.310
0.890	7.270
0.970	7.290
1.070	7.270
1.150	7.290
1.270	7.290
1.370	7.330
1.550	7.450
1.610	7.550
1.610	7.670
1.530	7.790
1.250	7.830
1.210	7.790
POLYLINE BLACK
0.890	7.430
0.950	7.450
1.010	7.430
0.970	7.450
0.850	7.410
0.890	7.390
0.990	7.410
1.070	7.410
1.030	7.450
0.930	7.430
0.850	7.450
0.910	7.410
1.010	7.410
1.110	7.430
1.130	7.430
0.950	7.410
0.810	7.430
0.910	7.450
1.110	7.450
1.190	7.430
1.110	7.450
1.010	7.430
0.950	7.430
0.910	7.410
0.870	7.430
0.910	7.390
1.010	7.410
1.130	7.390
1.090	7.410
0.990	7.410
0.870	7.390
0.770	7.390
0.730	7.430
0.790	7.390
0.910	7.430
1.130	7.430
1.170	7.450
1.170	7.450
1.010	7.450
0.890	7.490
1.190	7.430
1.230	7.450
1.050	7.450
1.010	7.470
0.930	7.470
0.870	7.490
0.830	7.470
0.930	7.470
POLYLINE BLACK
7.730	12.250
7.770	12.250
7.910	12.370
8.090	12.550
8.230	12.790
8.250	12.870
8.330	13.050
8.350	13.130
8.390	13.250
8.410	13.330
8.490	13.510
8.550	13.570
8.690	13.770
8.730	13.790
8.750	13.870
8.790	13.910
8.810	13.990
8.890	14.170
8.910	14.270
9.030	14.630
9.090	14.890
9.090	15.230
9.070	15.270
POLYLINE BLACK
6.410	13.570
6.590	13.770
6.690	13.930
6.690	14.010
6.750	14.230
6.850	14.570
6.890	14.690
6.910	14.770
6.970	14.930
7.010	14.970
POLYLINE BLACK
7.670	12.230
7.810	12.310
7.850	12.310
7.930	12.370
7.970	12.350
7.990	12.390
8.050	12.390
8.110	12.470
POLYLINE BLACK
3.010	10.310
3.050	10.310
3.250	10.510
3.450	10.630
3.850	10.990
4.070	11.230
4.170	11.270
4.330	11.430
4.370	11.430
4.630	11.690
4.750	11.870
4.790	11.870
4.910	11.950
5.050	12.090
5.090	12.110
5.170	12.090
5.250	12.110
5.350	12.170
5.390	12.270
5.470	12.390
5.550	12.470
5.610	12.610
5.690	12.730
5.710	12.810
5.770	12.890
5.830	13.070
5.890	13.130
5.990	13.170
6.110	13.250
6.150	13.250
6.210	13.350
6.250	13.350
6.470	13.590
POLYLINE BLACK
6.710	11.130
6.810	11.250
6.950	11.550
7.050	11.670
7.110	11.770
7.310	11.930
7.690	12.310
7.710	12.390
7.730	12.430
7.770	12.430
POLYLINE BLACK
4.010	9.430
4.170	9.550
4.230	9.650
4.510	9.890
4.570	9.950
4.790	10.170
4.950	10.330
5.330	10.570
5.390	10.670
5.390	10.710
5.450	10.810
5.690	11.170
5.770	11.170
5.890	11.110
6.110	11.070
6.150	11.030
6.190	11.050
6.270	11.030
6.350	11.050
6.430	11.030
6.510	11.030
6.650	11.130
6.710	11.210
POLYLINE BLACK
3.910	9.310
3.890	9.350
4.050	9.610
4.210	9.850
POLYLINE BLACK
2.890	10.110
2.930	10.090
3.090	10.330
3.150	10.390
3.270	10.550
3.310	10.570
POLYLINE BLACK
2.970	7.510
2.930	7.550
2.930	7.750
3.050	8.030
3.130	8.210
3.170	8.230
3.210	8.330
3.410	8.610
3.450	8.650
3.450	8.710
3.710	8.950
3.710	8.990
3.770	9.070
3.770	9.110
3.910	9.330
4.030	9.410
POLYLINE BLACK
2.710	6.230
2.810	6.390
2.810	6.770
2.850	6.890
2.890	6.930
2.930	7.150
2.910	7.250
2.890	7.330
2.890	7.410
2.870	7.490
2.890	7.570
2.930	7.650
POLYLINE BLACK
1.490	9.230
1.570	9.210
1.870	9.270
2.170	9.450
2.250	9.530
2.270	9.590
2.370	9.650
2.430	9.710
2.750	9.970
2.830	10.030
2.910	10.030
3.070	10.130
POLYLINE BLACK
0.880	8.360
0.850	8.300
0.910	8.270
1.000	8.360
1.060	8.510
1.210	8.690
1.240	8.810
1.300	8.990
1.510	9.200
1.570	9.200
POLYLINE BLACK
-0.230	3.050
0.100	3.560
0.130	3.680
0.250	3.950
0.340	4.370
0.370	4.490
0.370	4.610
0.550	5.210
0.550	5.720
0.580	5.840
0.550	5.900
0.580	5.960
0.520	6.230
0.430	6.380
0.280	6.530
0.250	6.650
0.190	6.860
0.130	7.160
0.130	7.640
0.310	7.940
0.490	8.060
0.610	8.090
0.730	8.180
0.790	8.180
0.880	8.270
0.970	8.330
POLYLINE BLACK
2.470	5.840
2.470	5.900
2.650	6.140
2.830	6.260
2.830	6.320
2.980	6.470
3.220	6.830
POLYLINE BLACK
1.570	0.050
1.510	0.080
POLYLINE BLACK
1.960	0.380
1.810	0.320
1.750	0.260
POLYLINE BLACK
2.350	0.590
2.230	0.560
POLYLINE BLACK
2.860	0.980
2.740	0.860
2.620	0.860
2.560	0.800
POLYLINE BLACK
3.160	1.190
3.100	1.160
3.040	1.190
2.980	1.130
2.980	1.070
POLYLINE BLACK
4.030	1.850
3.970	1.850
3.850	1.670
3.820	1.580
3.580	1.460
3.430	1.430
3.310	1.250
POLYLINE BLACK
4.480	2.150
4.420	2.150
4.300	1.970
POLYLINE BLACK
4.870	2.360
4.810	2.300
POLYLINE BLACK
5.770	3.050
POLYLINE BLACK
6.010	3.440
POLYLINE BLACK
6.190	3.770
POLYLINE BLACK
5.920	4.160
5.980	4.100
POLYLINE BLACK
5.530	4.010
POLYLINE BLACK
4.270	3.440
4.600	3.680
4.840	3.920
5.020	3.950
POLYLINE BLACK
3.430	3.050
3.490	3.050
3.640	3.140
3.820	3.290
POLYLINE BLACK
3.160	2.870
POLYLINE BLACK
2.770	2.630
2.830	2.630
POLYLINE BLACK
2.410	2.360
POLYLINE BLACK
1.960	2.120
2.020	2.180
POLYLINE BLACK
1.570	2.000
1.570	2.090
1.720	2.540
1.720	2.630
1.750	2.750
1.750	2.900
1.780	3.020
1.840	3.080
1.840	3.170
2.110	3.680
2.170	3.950
2.200	4.190
2.200	4.280
2.230	4.400
2.230	4.490
2.260	4.610
2.320	5.060
2.350	5.180
2.380	5.330
2.410	5.450
2.440	5.690
2.500	5.960
2.530	6.110
2.590	6.170
POLYLINE BLACK
0.880	-0.550
0.970	-0.430
1.000	-0.310
1.030	-0.160
1.000	-0.100
1.180	0.200
1.180	0.320
1.210	0.440
1.180	0.560
1.180	0.680
1.300	0.950
1.300	1.070
1.360	1.250
1.360	1.520
1.450	1.700
POLYLINE BLACK
0.310	-0.070
0.160	-0.310
0.130	-0.400
0.220	-0.580
0.280	-0.610
0.520	-0.520
0.640	-0.400
0.640	-0.310
0.670	-0.250
0.640	-0.130
0.640	-0.070
0.490	0.080
0.370	0.110
0.130	-0.070
0.070	-0.250
0.190	-0.430
0.310	-0.550
0.460	-0.340
0.610	0.020
POLYLINE BLACK
0.580	-0.580
POLYLINE BLACK
-1.130	0.590
-0.890	0.920
-0.830	1.190
-0.770	1.460
-0.560	1.880
-0.530	2.000
-0.470	2.060
-0.440	2.330
-0.290	2.750
-0.260	2.900
-0.170	3.080
-0.170	3.200
-0.110	3.320

ELEVATION
STATIONS
0.000	0.000	1.53
0.000	0.000	5.0
6.146	1.391	5.1
10.716	0.567	5.2
8.292	1.280	5.3
13.466	-3.187	5.4
15.721	-4.150	5.5
19.555	-4.880	5.6
22.844	-5.479	5.7
26.637	-4.509	5.8
29.207	-4.645	5.9
32.323	-3.220	5.10
34.445	-3.004	5.11
38.603	-0.487	5.12
37.107	-4.329	5.13
38.659	-2.753	5.14
39.826	-0.579	5.15
40.578	-0.603	5.16
42.335	0.076	5.17
43.496	1.573	5.18
46.798	1.333	5.19
48.989	0.936	5.20
50.880	1.622	5.21
52.077	2.708	5.22
53.531	2.614	5.23
56.884	2.635	5.24
61.524	3.308	5.25
64.300	2.307	5.26
58.920	2.451	5.27
11.839	8.874	5.1
17.479	4.614	5.5
19.339	-1.671	5.6
SHOTS
56.884	2.635	58.920	2.451
61.524	3.308	64.300	2.307
64.300	2.307	63.149	2.572
64.300	2.307	64.616	2.384
64.300	2.307	65.697	2.235
64.300	2.307	65.166	2.191
64.300	2.307	63.511	2.620
64.300	2.307	63.563	6.068
64.300	2.307	62.208	5.870
64.300	2.307	65.064	-2.805
64.300	2.307	68.607	-2.998
64.300	2.307	66.964	-3.620
64.300	2.307	65.412	-3.302
64.300	2.307	68.213	-2.453
64.300	2.307	66.143	0.159
64.300	2.307	65.497	1.582
64.300	2.307	66.656	0.732
56.884	2.635	61.524	3.308
61.524	3.308	61.969	3.218
61.524	3.308	61.526	5.839
61.524	3.308	61.795	1.788
61.524	3.308	57.775	3.740
61.524	3.308	58.712	4.496
61.524	3.308	59.862	5.316
61.524	3.308	63.801	3.585
61.524	3.308	63.797	3.545
53.531	2.614	56.884	2.635
56.884	2.635	56.924	3.676
56.884	2.635	57.132	1.510
56.884	2.635	57.074	2.675
52.077	2.708	53.531	2.614
53.531	2.614	54.030	3.102
53.531	2.614	53.333	2.644
53.531	2.614	53.240	3.537
53.531	2.614	53.176	4.752
53.531	2.614	53.125	2.791
53.531	2.614	54.384	4.190
53.531	2.614	54.201	5.560
53.531	2.614	53.476	5.354
53.531	2.614	53.162	5.113
53.531	2.614	54.241	3.342
53.531	2.614	53.455	2.242
53.531	2.614	53.573	3.462
50.880	1.622	52.077	2.708
52.077	2.708	52.050	2.775
52.077	2.708	53.354	2.795
52.077	2.708	53.049	2.549
52.077	2.708	52.323	4.508
52.077	2.708	50.788	4.676
52.077	2.708	49.345	3.934
52.077	2.708	50.362	3.185
52.077	2.708	51.428	1.565
52.077	2.708	53.234	2.267
52.077	2.708	53.083	2.828
48.989	0.936	50.880	1.622
46.798	1.333	48.989	0.936
48.989	0.936	48.900	0.951
48.989	0.936	50.062	1.061
48.989	0.936	48.881	3.003
48.989	0.936	49.447	-0.791
48.989	0.936	50.715	1.493
48.989	0.936	50.385	1.203
48.989	0.936	50.385	1.227
48.989	0.936	50.457	1.319
48.989	0.936	50.849	1.532
48.989	0.936	50.784	1.342
48.989	0.936	50.492	1.757
43.496	1.573	46.798	1.333
46.798	1.333	46.806	1.333
46.798	1.333	46.830	1.368
46.798	1.333	46.712	2.588
46.798	1.333	47.110	-0.358
46.798	1.333	46.305	3.861
42.335	0.076	43.496	1.573
40.578	-0.603	42.335	0.076
42.335	0.076	42.125	0.027
42.335	0.076	42.460	0.097
42.335	0.076	42.166	-0.929
42.335	0.076	42.285	1.098
42.335	0.076	41.823	5.277
39.826	-0.579	40.578	-0.603
40.578	-0.603	40.471	0.631
40.578	-0.603	40.463	-4.214
40.578	-0.603	40.192	-0.859
40.578	-0.603	39.213	-0.568
40.578	-0.603	42.574	-0.355
38.659	-2.753	39.826	-0.579
37.107	-4.329	38.659	-2.753
34.445	-3.004	37.107	-4.329
37.107	-4.329	36.460	-3.674
37.107	-4.329	35.519	-2.735
37.107	-4.329	35.819	-4.121
37.107	-4.329	34.885	-3.759
37.107	-4.329	35.459	-2.805
37.107	-4.329	36.828	-4.403
37.107	-4.329	37.303	-4.305
37.107	-4.329	37.147	-4.037
34.445	-3.004	38.603	-0.487
38.603	-0.487	38.522	0.293
38.603	-0.487	36.500	-1.150
38.603	-0.487	40.590	0.979
38.603	-0.487	41.054	1.838
38.603	-0.487	38.563	-0.445
38.603	-0.487	37.862	-0.521
32.323	-3.220	34.445	-3.004
34.445	-3.004	34.214	-2.272
34.445	-3.004	34.268	-3.071
34.445	-3.004	34.385	-2.212
34.445	-3.004	36.116	-2.108
34.445	-3.004	36.220	-3.027
29.207	-4.645	32.323	-3.220
32.323	-3.220	32.301	-2.684
32.323	-3.220	32.137	-3.217
32.323	-3.220	32.192	-3.019
32.323	-3.220	33.299	-1.946
32.323	-3.220	31.547	-3.174
32.323	-3.220	31.760	-3.955
32.323	-3.220	30.388	-4.760
32.323	-3.220	30.560	-3.819
32.323	-3.220	31.217	-3.061
32.323	-3.220	33.328	-2.019
26.637	-4.509	29.207	-4.645
29.207	-4.645	29.535	-4.539
29.207	-4.645	29.267	-3.978
29.207	-4.645	31.176	-4.500
29.207	-4.645	30.279	-4.370
22.844	-5.479	26.637	-4.509
26.637	-4.509	26.569	-4.620
26.637	-4.509	27.206	-4.602
26.637	-4.509	27.073	-3.923
19.555	-4.880	22.844	-5.479
22.844	-5.479	22.699	-5.558
22.844	-5.479	22.744	-4.879
22.844	-5.479	23.007	-5.438
15.721	-4.150	19.555	-4.880
19.555	-4.880	19.307	-4.938
19.555	-4.880	19.809	-4.143
19.555	-4.880	20.756	-4.194
19.555	-4.880	18.805	-4.321
19.555	-4.880	19.557	-5.161
13.466	-3.187	15.721	-4.150
15.721	-4.150	15.588	-4.163
15.721	-4.150	15.806	-4.161
15.721	-4.150	15.703	-1.546
15.721	-4.150	15.759	-7.268
15.721	-4.150	18.441	-4.577
15.721	-4.150	17.520	-4.620
15.721	-4.150	17.236	-4.376
15.721	-4.150	17.373	-6.091
15.721	-4.150	17.493	-4.162
10.716	0.567	13.466	-3.187
13.466	-3.187	14.039	-0.249
13.466	-3.187	16.405	-2.192
13.466	-3.187	16.249	-7.015
13.466	-3.187	13.615	-3.201
13.466	-3.187	14.217	-9.746
13.466	-3.187	14.013	-3.108
6.146	1.391	8.292	1.280
8.292	1.280	8.739	-4.430
6.146	1.391	10.716	0.567
10.716	0.567	11.862	-4.387
10.716	0.567	10.493	-2.548
10.716	0.567	8.317	0.260
10.716	0.567	9.831	2.777
10.716	0.567	10.213	0.490
10.716	0.567	11.626	0.486
0.000	0.000	6.146	1.391
6.146	1.391	6.450	5.642
6.146	1.391	3.454	3.526
6.146	1.391	7.618	3.307
6.146	1.391	6.182	1.401
6.146	1.391	5.719	1.430
6.146	1.391	9.140	1.375
6.146	1.391	7.937	1.230
0.000	0.000	0.000	0.000
0.000	0.000	-0.381	2.745
0.000	0.000	0.515	-0.108
0.000	0.000	1.143	-1.781
0.000	0.000	4.514	-2.657
11.839	8.874	10.633	13.125	
11.839	8.874	11.500	11.009	
11.839	8.874	11.387	10.790	
11.839	8.874	10.903	8.884	
11.839	8.874	12.748	8.913	
11.839	8.874	10.975	8.858	
11.839	8.874	10.500	8.713	
17.479	4.614	18.854	4.601	
17.479	4.614	16.851	4.603	
17.479	4.614	18.092	7.218	
17.479	4.614	17.569	1.496	
17.479	4.614	18.227	4.187	
17.479	4.614	16.590	4.144	
17.479	4.614	18.640	4.388	
17.479	4.614	17.921	2.673	
17.479	4.614	17.579	4.602	
19.339	-1.671	20.523	-1.729	
19.339	-1.671	18.825	-0.934	
19.339	-1.671	19.417	-0.985	
19.339	-1.671	19.126	-1.112	
19.339	-1.671	19.398	-1.952	
POLYLINE BLACK
65.086	5.114
64.836	4.864
POLYLINE BLACK
66.636	5.814
65.936	5.614
POLYLINE BLACK
67.486	5.864
POLYLINE BLACK
64.936	4.864
65.186	5.114
65.686	5.414
65.886	5.614
66.536	5.714
66.636	5.714
POLYLINE BLACK
66.136	5.214
66.036	5.214
65.886	5.114
65.586	5.064
POLYLINE BLACK
67.586	6.214
67.136	6.014
66.586	5.664
POLYLINE BLACK
67.086	6.014
67.186	6.014
POLYLINE BLACK
65.936	5.664
66.136	5.764
POLYLINE BLACK
64.586	5.014
POLYLINE BLACK
65.086	5.864
64.636	5.564
64.436	5.514
64.336	5.464
POLYLINE BLACK
65.536	6.114
POLYLINE BLACK
66.436	6.464
POLYLINE BLACK
67.236	6.564
POLYLINE BLACK
67.736	6.414
POLYLINE BLACK
67.236	6.114
POLYLINE BLACK
66.636	5.964
POLYLINE BLACK
66.186	5.914
66.286	5.864
POLYLINE BLACK
65.786	5.764
POLYLINE BLACK
65.436	5.464
POLYLINE BLACK
65.036	4.964
65.136	5.214
65.236	5.264
POLYLINE BLACK
64.736	5.564
64.836	5.514
65.286	5.914
65.836	6.264
66.336	6.264
66.786	6.414
67.036	6.414
67.236	6.464
67.336	6.464
POLYLINE BLACK
63.446	4.014
63.486	4.054
63.446	4.414
63.426	4.454
63.426	4.634
63.406	4.674
63.406	5.094
63.426	5.174
63.426	5.254
63.446	5.354
63.486	5.574
63.546	5.874
63.566	5.914
63.606	5.914
63.646	5.954
63.846	5.874
64.086	5.634
64.306	5.274
64.346	5.094
64.386	4.994
64.446	4.914
64.486	4.814
64.586	4.694
64.626	4.694
64.786	4.554
64.806	4.474
64.846	4.374
64.906	4.314
65.146	3.914
65.266	3.794
65.326	3.694
65.446	3.514
65.486	3.414
65.486	3.354
65.686	2.874
65.866	2.214
65.946	1.974
65.986	1.834
66.086	1.694
66.106	1.614
66.266	1.134
66.346	0.954
66.426	0.874
POLYLINE BLACK
65.986	1.754
65.926	1.774
65.786	2.094
65.786	2.134
POLYLINE BLACK
69.686	-2.766
69.586	-2.666
69.506	-2.526
69.286	-2.366
69.126	-2.186
69.026	-2.046
68.746	-1.786
68.646	-1.686
68.566	-1.566
67.866	-0.866
67.726	-0.686
67.506	-0.406
67.366	-0.186
66.846	0.314
66.626	0.474
66.366	0.674
66.086	1.034
65.966	1.154
65.846	1.394
65.786	1.594
65.786	1.634
POLYLINE BLACK
69.366	-3.206
POLYLINE BLACK
66.926	-3.286
66.886	-3.226
66.866	-3.086
66.926	-2.906
67.046	-2.806
67.246	-2.806
67.426	-2.846
67.526	-2.846
67.646	-2.886
67.826	-2.906
67.946	-2.966
68.026	-2.986
68.066	-3.026
68.146	-3.046
68.306	-3.146
68.426	-3.146
68.606	-3.226
68.646	-3.206
68.906	-3.346
68.986	-3.386
POLYLINE BLACK
66.426	-3.526
66.406	-3.426
66.386	-3.246
66.386	-3.006
66.446	-2.826
66.526	-2.806
66.566	-2.826
66.646	-3.126
66.766	-3.466
POLYLINE BLACK
65.766	-3.666
65.726	-3.486
65.726	-3.346
65.746	-3.226
65.746	-3.146
65.786	-2.966
65.846	-2.826
65.926	-2.846
66.006	-3.006
66.006	-3.086
66.066	-3.266
66.066	-3.326
66.126	-3.506
66.126	-3.666
POLYLINE BLACK
65.166	-2.766
65.246	-2.846
65.266	-2.926
65.306	-3.086
65.306	-3.146
65.326	-3.226
65.326	-3.286
65.346	-3.366
65.346	-3.506
POLYLINE BLACK
65.266	-2.946
POLYLINE BLACK
62.586	0.414
62.626	0.374
62.726	0.354
62.946	0.054
63.046	-0.226
63.086	-0.426
63.306	-0.886
63.306	-0.946
63.366	-1.086
63.546	-1.346
63.726	-1.706
63.786	-1.806
63.966	-2.106
64.166	-2.306
64.306	-2.446
64.466	-2.566
64.546	-2.586
64.666	-2.626
64.746	-2.646
64.826	-2.666
64.946	-2.766
65.146	-2.886
65.226	-2.886
65.306	-2.906
65.346	-2.886
POLYLINE BLACK
63.166	6.114
63.206	6.114
POLYLINE BLACK
62.546	5.974
62.646	5.954
62.686	5.954
POLYLINE BLACK
62.266	5.634
62.286	5.674
POLYLINE BLACK
63.386	3.854
63.506	3.734
POLYLINE BLACK
61.326	1.974
61.366	1.994
61.706	1.834
61.786	1.834
61.866	1.814
62.086	1.774
62.126	1.754
62.126	1.654
62.146	1.574
62.146	1.494
62.226	1.374
62.346	1.254
62.366	1.174
62.486	1.034
62.546	0.814
62.566	0.734
62.606	0.614
62.606	0.554
62.626	0.474
62.666	0.274
POLYLINE BLACK
57.346	1.614
57.366	1.574
57.486	1.634
57.606	1.634
57.706	1.654
57.866	1.694
57.906	1.674
58.006	1.714
58.106	1.614
58.206	1.354
58.286	1.314
58.346	1.314
58.386	1.334
58.466	1.314
58.646	1.334
58.766	1.294
58.866	1.314
59.026	1.274
59.106	1.274
59.446	1.414
59.486	1.454
59.526	1.434
59.806	1.534
59.846	1.574
59.886	1.554
59.986	1.574
60.186	1.614
60.366	1.674
60.706	1.774
60.766	1.814
60.846	1.834
60.966	1.874
61.066	1.874
61.246	1.934
61.326	1.914
61.406	1.914
POLYLINE BLACK
57.006	1.614
57.086	1.614
57.226	1.594
57.366	1.594
57.646	1.674
57.726	1.674
57.906	1.714
57.946	1.714
POLYLINE BLACK
62.246	5.654
62.346	5.474
62.366	5.394
62.546	5.134
62.586	5.034
62.726	4.874
62.786	4.774
63.026	4.494
63.146	4.254
63.146	4.194
63.206	4.014
63.226	3.934
63.306	3.814
63.486	3.714
POLYLINE BLACK
61.666	5.954
61.686	5.914
61.726	5.934
61.926	5.834
62.006	5.754
62.166	5.474
62.206	5.434
POLYLINE BLACK
56.906	3.714
57.046	3.754
57.186	3.694
57.226	3.714
57.306	3.694
57.486	3.714
57.566	3.734
57.686	3.814
58.006	3.914
58.066	3.974
58.186	4.014
58.226	4.014
58.326	4.134
58.386	4.234
58.786	4.474
59.026	4.674
59.066	4.674
59.146	4.754
59.186	4.754
59.406	4.894
59.526	5.014
59.666	5.134
59.766	5.154
59.986	5.334
60.026	5.334
60.086	5.394
60.126	5.394
60.166	5.434
60.246	5.454
60.386	5.494
60.486	5.574
60.806	5.674
60.906	5.694
61.166	5.794
61.226	5.794
61.326	5.814
61.366	5.814
61.426	5.854
61.586	5.874
61.706	5.874
POLYLINE BLACK
56.821	1.589
56.851	1.604
56.911	1.589
56.941	1.589
56.971	1.604
57.076	1.604
57.106	1.589
POLYLINE BLACK
54.601	4.214
54.541	4.139
54.541	4.109
54.481	4.004
54.421	3.854
54.421	3.824
54.406	3.764
54.496	3.524
54.646	3.419
54.781	3.389
54.946	3.464
55.156	3.464
55.231	3.434
55.291	3.449
55.351	3.449
55.441	3.494
55.501	3.599
55.531	3.614
55.576	3.719
55.576	3.749
55.621	3.809
55.651	3.809
55.681	3.824
55.711	3.809
55.771	3.824
55.876	3.794
55.891	3.764
55.921	3.749
55.966	3.749
56.086	3.674
56.161	3.674
56.431	3.779
56.506	3.779
56.761	3.674
56.836	3.674
56.866	3.659
56.926	3.674
POLYLINE BLACK
53.416	2.339
53.446	2.354
53.521	2.354
53.701	2.309
53.731	2.309
53.791	2.204
53.791	2.174
53.866	2.054
53.926	2.024
53.986	2.024
54.106	1.994
54.136	2.009
54.241	1.964
54.316	1.874
54.316	1.829
54.376	1.784
54.451	1.784
54.556	1.829
54.646	1.889
54.736	1.889
54.796	1.874
54.931	1.844
54.991	1.829
55.006	1.769
55.051	1.709
55.051	1.679
55.096	1.574
55.156	1.559
55.351	1.634
55.381	1.634
55.411	1.619
55.471	1.649
55.516	1.649
55.576	1.634
55.636	1.649
55.906	1.649
55.936	1.664
56.011	1.664
56.041	1.679
56.101	1.679
56.206	1.709
56.266	1.694
56.296	1.694
56.401	1.649
56.596	1.619
56.626	1.604
56.671	1.604
56.776	1.559
56.806	1.559
POLYLINE BLACK
52.696	3.509
52.726	3.374
52.801	3.284
52.831	3.284
52.921	3.239
52.996	3.254
53.056	3.224
53.116	3.269
53.146	3.269
53.176	3.284
53.176	3.329
53.191	3.389
53.191	3.419
53.206	3.479
53.191	3.614
53.176	3.644
53.176	3.689
53.161	3.749
53.161	4.109
53.176	4.184
53.176	4.514
53.191	4.589
53.191	4.649
53.176	4.679
53.176	4.829
53.191	4.859
53.191	4.904
53.221	4.994
53.371	5.114
53.461	5.189
53.491	5.264
53.596	5.414
53.656	5.459
53.686	5.459
53.776	5.504
53.821	5.504
53.956	5.579
53.986	5.579
54.046	5.624
54.151	5.624
54.256	5.594
54.361	5.474
54.406	5.369
54.406	5.339
54.421	5.309
54.421	5.264
54.436	5.204
54.436	5.099
54.451	5.039
54.451	4.934
54.466	4.874
54.481	4.739
54.511	4.634
54.511	4.604
54.541	4.484
54.541	4.379
54.511	4.289
54.511	4.244
54.481	4.124
54.481	4.019
54.496	3.959
54.496	3.929
54.511	3.899
POLYLINE BLACK
52.621	2.459
52.696	2.444
52.726	2.459
52.756	2.444
52.786	2.459
52.846	2.444
52.906	2.444
52.966	2.414
53.026	2.414
53.086	2.384
53.161	2.399
53.221	2.384
53.281	2.384
53.341	2.354
53.371	2.354
53.431	2.324
53.461	2.324
53.491	2.309
POLYLINE BLACK
52.764	3.489
52.704	3.309
52.704	3.169
POLYLINE BLACK
52.344	2.149
52.344	2.189
52.444	2.329
52.644	2.469
52.724	2.489
POLYLINE BLACK
52.784	3.589
52.744	3.389
52.744	3.209
52.764	3.169
POLYLINE BLACK
52.184	2.029
52.184	2.069
52.244	2.169
52.364	2.369
52.504	2.509
POLYLINE BLACK
52.564	4.569
52.624	4.509
52.664	4.429
52.664	4.369
52.704	4.289
52.704	4.189
52.724	4.089
52.704	3.869
52.704	3.329
52.724	3.289
POLYLINE BLACK
51.304	1.589
51.384	1.609
51.564	1.649
51.644	1.669
51.684	1.709
51.764	1.729
51.884	1.829
51.924	1.829
52.104	2.069
52.204	2.149
POLYLINE BLACK
49.764	1.429
49.804	1.389
49.844	1.389
49.884	1.349
50.104	1.329
50.184	1.329
50.504	1.409
50.584	1.409
50.764	1.469
50.844	1.469
50.924	1.489
51.004	1.509
51.084	1.489
51.164	1.509
51.284	1.509
51.364	1.529
POLYLINE BLACK
49.464	2.149
49.504	2.109
49.664	2.129
49.744	2.149
49.884	2.209
50.184	2.509
50.364	2.789
50.384	2.869
50.424	2.989
50.444	3.069
50.424	3.149
50.164	3.409
49.824	3.609
49.664	3.649
49.524	3.729
49.444	3.729
49.204	3.889
POLYLINE BLACK
51.064	4.869
50.844	4.749
50.804	4.749
50.764	4.709
50.684	4.689
50.244	4.509
50.204	4.469
50.124	4.449
50.024	4.409
49.984	4.369
49.804	4.329
49.724	4.269
49.624	4.269
49.384	4.169
49.284	4.069
49.224	3.889
POLYLINE BLACK
52.864	4.529
52.824	4.549
52.744	4.529
52.484	4.529
52.444	4.549
52.264	4.549
52.144	4.609
52.044	4.609
51.964	4.649
51.904	4.649
51.584	4.729
51.484	4.729
51.404	4.749
51.304	4.749
51.224	4.769
50.924	4.769
50.884	4.789
POLYLINE BLACK
49.064	-0.591
49.084	-0.631
49.164	-0.651
49.244	-0.631
49.344	-0.611
49.464	-0.531
49.764	-0.151
49.884	0.109
49.904	0.289
49.924	0.369
49.924	0.729
49.844	1.069
49.824	1.229
49.804	1.409
49.784	1.489
POLYLINE BLACK
48.984	3.029
49.124	2.889
49.244	2.529
49.424	2.009
49.444	1.969
POLYLINE BLACK
48.944	-0.591
49.024	-0.611
49.144	-0.711
POLYLINE BLACK
48.864	-0.591
48.944	-0.611
49.024	-0.651
49.044	-0.691
POLYLINE BLACK
46.964	2.969
47.264	3.029
47.384	3.029
47.484	3.049
47.744	3.049
47.864	3.069
47.964	3.069
48.164	3.109
48.264	3.109
48.324	3.129
48.424	3.109
48.484	3.109
48.664	3.009
48.864	2.949
49.024	2.949
POLYLINE BLACK
47.104	-0.031
47.324	-0.131
47.384	-0.131
47.564	-0.211
47.644	-0.231
47.724	-0.291
47.804	-0.311
47.904	-0.371
47.984	-0.371
48.224	-0.431
48.284	-0.431
48.504	-0.491
48.764	-0.551
48.884	-0.611
48.964	-0.631
49.004	-0.651
POLYLINE BLACK
46.944	-0.071
46.984	-0.071
47.184	-0.211
POLYLINE BLACK
46.504	2.769
46.544	2.809
46.624	2.809
46.844	2.869
46.984	2.869
POLYLINE BLACK
46.744	3.129
POLYLINE BLACK
46.604	3.449
46.624	3.349
46.644	3.309
POLYLINE BLACK
46.624	3.649
46.584	3.549
POLYLINE BLACK
46.624	3.929
POLYLINE BLACK
46.544	4.049
POLYLINE BLACK
46.444	4.269
46.464	4.229
POLYLINE BLACK
46.344	4.289
POLYLINE BLACK
46.224	4.089
46.224	4.129
POLYLINE BLACK
46.124	3.749
46.124	3.809
46.144	3.849
POLYLINE BLACK
46.204	3.269
POLYLINE BLACK
46.064	3.429
POLYLINE BLACK
46.264	2.849
46.244	2.929
46.244	2.989
46.264	3.069
POLYLINE BLACK
42.324	1.229
42.544	1.449
42.764	1.789
42.884	1.989
43.124	2.269
43.584	2.609
43.844	2.609
43.924	2.629
44.004	2.629
44.084	2.649
44.164	2.649
44.264	2.629
44.304	2.649
44.384	2.629
44.424	2.669
44.504	2.649
44.584	2.669
44.644	2.669
44.724	2.689
44.804	2.669
44.904	2.689
45.024	2.689
45.144	2.649
45.304	2.609
45.384	2.589
45.504	2.589
45.704	2.649
45.744	2.649
45.784	2.689
45.944	2.669
46.004	2.669
46.044	2.629
46.124	2.629
46.164	2.609
46.244	2.629
46.324	2.629
46.504	2.709
46.544	2.709
POLYLINE BLACK
43.024	-0.291
43.024	-0.331
43.204	-0.031
43.244	0.009
43.284	-0.011
43.604	0.209
43.644	0.209
43.684	0.249
43.724	0.249
43.804	0.329
43.884	0.349
43.964	0.369
44.044	0.369
44.124	0.389
44.164	0.369
44.244	0.389
44.364	0.389
44.404	0.429
44.484	0.429
44.564	0.409
44.644	0.409
44.784	0.369
44.864	0.389
45.024	0.389
45.084	0.369
45.164	0.389
45.244	0.369
45.424	0.349
45.664	0.269
45.704	0.229
45.744	0.229
45.784	0.189
45.844	0.189
45.924	0.149
46.024	0.149
46.104	0.129
46.164	0.129
46.384	0.049
46.464	0.049
46.884	-0.131
46.924	-0.151
POLYLINE BLACK
40.964	5.789
40.904	5.749
40.824	5.729
40.784	5.709
POLYLINE BLACK
41.684	5.609
41.504	5.669
41.464	5.709
41.424	5.709
POLYLINE BLACK
42.304	4.929
42.264	4.929
42.204	5.029
42.204	5.109
42.124	5.349
42.084	5.389
42.024	5.389
41.944	5.409
41.904	5.449
POLYLINE BLACK
41.584	5.429
41.644	5.369
41.784	5.349
41.824	5.369
41.964	5.309
42.084	5.129
POLYLINE BLACK
41.004	5.549
41.024	5.509
POLYLINE BLACK
40.544	5.689
POLYLINE BLACK
41.584	0.889
41.564	0.829
41.624	0.669
POLYLINE BLACK
41.564	1.229
41.504	1.169
41.524	1.129
POLYLINE BLACK
41.544	1.349
41.524	1.309
POLYLINE BLACK
41.504	1.669
41.484	1.629
POLYLINE BLACK
41.384	2.149
41.364	2.069
41.384	2.009
POLYLINE BLACK
41.244	2.469
41.224	2.429
41.244	2.369
41.284	2.349
POLYLINE BLACK
41.184	2.829
41.164	2.789
POLYLINE BLACK
41.144	3.149
41.124	3.109
POLYLINE BLACK
40.984	3.609
40.964	3.529
41.044	3.349
POLYLINE BLACK
40.284	5.669
40.244	5.529
40.304	5.329
40.344	5.309
40.324	5.229
40.404	5.029
40.504	4.909
40.524	4.769
40.524	4.649
40.644	4.329
40.684	4.209
40.704	4.009
40.784	3.869
POLYLINE BLACK
42.124	5.209
POLYLINE BLACK
42.224	4.909
42.144	4.949
POLYLINE BLACK
42.404	4.449
42.364	4.489
42.324	4.489
42.264	4.589
42.264	4.629
POLYLINE BLACK
42.484	4.089
42.404	4.149
POLYLINE BLACK
42.684	3.469
42.584	3.529
42.544	3.609
POLYLINE BLACK
42.924	2.909
42.804	2.949
42.784	3.049
POLYLINE BLACK
43.044	2.389
43.004	2.429
POLYLINE BLACK
43.064	2.009
POLYLINE BLACK
42.984	1.969
POLYLINE BLACK
42.964	1.809
42.984	1.849
POLYLINE BLACK
42.924	1.689
POLYLINE BLACK
42.644	-1.031
42.644	-0.951
42.704	-0.711
42.924	-0.351
42.964	-0.351
43.084	-0.231
POLYLINE BLACK
42.784	-0.811
42.744	-0.771
42.744	-0.691
42.804	-0.531
42.964	-0.371
43.004	-0.391
43.084	-0.251
43.024	-0.271
42.724	-0.691
42.724	-0.731
42.664	-0.831
42.644	-0.911
42.584	-1.051
POLYLINE BLACK
41.204	0.609
41.284	0.609
41.364	0.589
41.484	0.669
41.524	0.669
41.584	0.749
41.624	0.749
41.644	0.789
41.684	0.789
41.824	0.909
41.904	0.969
41.984	0.989
42.064	1.069
42.184	1.069
42.264	1.129
42.344	1.149
POLYLINE BLACK
42.744	-0.821
42.744	-0.741
42.764	-0.681
42.944	-0.521
43.004	-0.421
43.084	-0.341
43.124	-0.341
POLYLINE BLACK
40.164	0.279
40.204	0.259
40.364	0.399
40.624	0.579
40.704	0.579
40.744	0.619
41.024	0.579
41.284	0.499
POLYLINE BLACK
39.684	-0.341
39.444	-0.521
39.264	-0.721
39.264	-0.781
39.224	-0.901
38.944	-1.261
38.944	-1.301
38.884	-1.401
38.864	-1.581
38.824	-1.761
38.464	-2.141
38.444	-2.221
38.404	-2.281
38.384	-2.461
38.364	-2.541
38.204	-2.721
37.804	-3.141
37.504	-3.561
37.444	-3.621
37.304	-3.781
POLYLINE BLACK
37.244	-4.421
37.324	-4.401
37.484	-4.381
37.564	-4.361
37.704	-4.401
37.744	-4.381
37.884	-4.401
38.104	-4.401
38.164	-4.381
38.244	-4.401
38.364	-4.361
38.444	-4.381
38.644	-4.341
38.684	-4.361
38.764	-4.341
38.904	-4.341
38.984	-4.361
39.084	-4.361
39.164	-4.381
39.504	-4.381
39.724	-4.341
39.804	-4.341
39.984	-4.261
40.024	-4.281
40.104	-4.221
POLYLINE BLACK
37.224	-4.341
37.244	-4.441
POLYLINE BLACK
40.244	-4.201
40.404	-4.121
40.504	-4.101
40.584	-4.081
40.684	-3.981
40.724	-3.981
41.104	-3.621
41.284	-3.481
41.524	-3.241
41.684	-2.901
41.744	-2.821
41.964	-2.281
41.984	-2.201
42.124	-1.741
42.224	-1.621
42.324	-1.441
42.424	-1.321
42.604	-0.961
42.684	-0.761
42.784	-0.641
POLYLINE BLACK
39.384	-0.461
39.464	-0.461
39.744	-0.261
40.204	0.239
40.284	0.359
40.524	0.519
40.564	0.539
POLYLINE BLACK
36.684	-2.856
36.609	-2.841
36.579	-2.826
36.549	-2.841
36.489	-2.811
POLYLINE BLACK
34.599	-3.546
34.614	-3.516
34.554	-3.471
34.524	-3.471
34.494	-3.441
34.449	-3.426
34.359	-3.366
34.329	-3.366
34.299	-3.336
34.269	-3.336
POLYLINE BLACK
36.879	-4.386
36.984	-4.386
37.044	-4.401
37.074	-4.371
POLYLINE BLACK
36.534	-2.886
36.594	-2.856
36.624	-2.856
36.684	-2.871
36.714	-2.871
36.819	-2.901
36.849	-2.976
36.879	-3.006
36.909	-3.006
36.999	-3.201
36.999	-3.231
37.014	-3.291
37.014	-3.336
37.029	-3.396
37.029	-3.426
37.074	-3.516
37.074	-3.546
37.119	-3.636
37.119	-3.816
37.209	-3.966
POLYLINE BLACK
35.979	-2.706
POLYLINE BLACK
35.649	-2.706
35.679	-2.721
POLYLINE BLACK
36.834	-4.386
36.774	-4.401
36.639	-4.386
36.549	-4.386
36.474	-4.371
36.444	-4.371
36.339	-4.326
36.279	-4.326
36.174	-4.281
36.144	-4.281
36.084	-4.236
36.054	-4.251
35.949	-4.206
35.919	-4.176
35.889	-4.176
35.769	-4.131
35.724	-4.101
35.694	-4.101
35.604	-4.071
35.559	-4.071
35.529	-4.056
35.499	-4.071
35.334	-3.996
35.304	-3.996
35.214	-3.951
35.184	-3.951
35.124	-3.891
35.064	-3.891
35.004	-3.846
34.974	-3.846
34.809	-3.741
34.689	-3.636
34.674	-3.591
34.584	-3.531
34.569	-3.501
POLYLINE BLACK
42.989	2.634
42.929	2.734
42.849	2.714
42.749	2.554
42.749	2.434
42.769	2.334
42.829	2.314
42.869	2.334
42.909	2.314
43.009	2.374
43.129	2.554
43.129	2.714
43.089	2.814
43.029	2.854
42.929	2.834
42.829	2.774
42.689	2.674
POLYLINE BLACK
42.529	2.654
42.469	2.714
42.329	2.694
42.229	2.694
42.189	2.654
42.189	2.614
42.369	2.474
42.489	2.374
42.489	2.334
42.389	2.254
42.309	2.234
42.269	2.254
POLYLINE BLACK
41.749	2.694
41.689	2.614
41.649	2.514
41.649	2.354
41.709	2.294
41.789	2.314
41.929	2.454
42.029	2.674
42.029	2.714
POLYLINE BLACK
41.229	2.614
41.269	2.534
41.249	2.414
41.249	2.114
POLYLINE BLACK
40.469	2.514
40.489	2.474
40.469	2.354
40.469	2.294
40.449	2.214
40.449	2.214
40.489	2.354
40.529	2.394
40.749	2.374
40.829	2.374
40.889	2.434
40.949	2.614
40.949	2.254
40.969	2.214
POLYLINE BLACK
40.229	2.614
40.049	2.574
39.889	2.474
39.789	2.334
39.789	2.254
39.869	2.174
40.009	2.134
40.089	2.154
40.229	2.154
POLYLINE BLACK
42.249	3.134
42.209	3.174
42.169	3.174
42.109	3.074
42.109	2.974
42.169	2.894
42.249	2.894
42.369	3.034
42.389	3.154
42.349	3.194
POLYLINE BLACK
41.469	3.254
41.469	2.994
41.509	2.874
41.549	2.874
41.709	3.174
41.749	3.274
POLYLINE BLACK
40.329	3.234
40.369	3.194
40.369	3.094
40.349	3.014
40.349	2.974
40.329	3.074
40.369	3.274
40.489	3.394
40.589	3.394
40.689	3.354
40.709	3.254
40.689	3.174
40.589	3.034
40.649	2.954
40.849	2.874
40.929	2.794
41.029	2.994
41.129	3.234
41.149	3.134
41.149	2.854
41.189	2.834
POLYLINE BLACK
39.389	3.254
39.389	3.194
39.409	3.094
39.409	2.994
39.409	2.994
39.389	3.074
39.389	3.154
39.429	3.254
39.549	3.354
39.649	3.354
39.769	3.274
39.729	3.174
39.669	3.114
39.669	3.074
39.929	2.954
40.029	2.834
POLYLINE BLACK
38.929	3.114
38.989	3.014
39.069	2.954
POLYLINE BLACK
38.589	2.954
38.649	2.774
38.729	3.094
38.789	3.194
38.829	3.294
38.929	3.374
38.989	3.314
39.009	3.214
39.049	3.034
39.069	2.814
39.089	2.714
POLYLINE BLACK
41.079	1.884
40.989	1.764
40.989	1.704
41.049	1.704
41.139	1.824
41.019	1.914
40.959	1.914
40.929	1.794
40.989	1.794
POLYLINE BLACK
40.729	0.894
40.509	0.694
40.429	0.614
40.369	0.534
40.329	0.534
40.229	0.454
40.209	0.394
POLYLINE BLACK
38.549	-0.946
38.629	-0.866
38.829	-0.706
39.109	-0.506
39.209	-0.446
39.269	-0.346
39.409	-0.286
39.609	-0.106
39.729	-0.006
39.809	0.014
40.109	0.254
40.269	0.414
40.289	0.474
40.429	0.614
40.509	0.614
POLYLINE BLACK
40.329	1.094
40.329	1.054
40.409	1.114
40.569	1.114
40.649	1.094
40.689	1.094
40.729	1.054
40.729	0.854
40.629	0.694
POLYLINE BLACK
40.589	0.714
POLYLINE BLACK
40.649	0.794
POLYLINE BLACK
40.689	0.934
40.649	0.854
POLYLINE BLACK
40.789	1.194
40.689	1.094
40.689	1.014
40.669	0.974
POLYLINE BLACK
38.369	0.274
38.389	0.234
38.669	0.354
38.749	0.374
38.969	0.474
39.009	0.474
39.329	0.674
39.389	0.674
39.509	0.754
39.589	0.754
39.829	0.854
39.909	0.874
39.949	0.914
40.109	0.914
40.189	0.974
40.229	0.974
40.309	1.034
40.349	1.034
40.429	1.094
POLYLINE BLACK
35.649	-3.166
35.829	-3.166
35.989	-3.126
36.089	-3.066
36.129	-3.066
36.249	-2.966
36.349	-2.906
36.469	-2.826
36.489	-2.786
36.589	-2.726
36.849	-2.446
37.289	-2.006
37.469	-1.866
37.749	-1.586
37.829	-1.526
37.869	-1.526
37.989	-1.406
38.029	-1.406
38.149	-1.306
38.269	-1.226
38.429	-1.006
38.549	-0.926
POLYLINE BLACK
34.069	-2.246
34.149	-2.226
34.369	-2.166
34.469	-2.106
34.589	-2.066
34.749	-1.966
34.929	-1.906
35.229	-1.706
35.269	-1.706
35.489	-1.566
35.509	-1.506
35.549	-1.506
35.629	-1.446
35.709	-1.426
35.889	-1.346
35.969	-1.326
36.169	-1.206
36.249	-1.206
36.429	-1.126
36.629	-0.946
36.949	-0.686
37.229	-0.446
37.329	-0.346
37.649	-0.126
37.689	-0.086
37.729	-0.086
37.929	0.034
38.049	0.094
38.149	0.114
38.349	0.234
POLYLINE BLACK
34.089	-2.206
34.109	-2.246
34.149	-2.246
POLYLINE BLACK
34.329	-3.246
34.569	-3.246
34.649	-3.226
34.809	-3.206
34.889	-3.226
35.009	-3.186
35.229	-3.186
35.349	-3.226
35.429	-3.226
35.509	-3.206
35.589	-3.226
35.669	-3.206
35.749	-3.226
POLYLINE BLACK
32.749	-3.331
32.809	-3.331
32.914	-3.286
32.974	-3.286
33.004	-3.271
33.094	-3.301
33.154	-3.286
33.184	-3.286
33.274	-3.316
33.334	-3.286
33.394	-3.301
33.499	-3.271
33.559	-3.271
33.619	-3.241
33.859	-3.241
33.889	-3.256
33.919	-3.226
34.024	-3.226
34.084	-3.241
34.144	-3.226
34.279	-3.226
34.339	-3.211
34.369	-3.211
POLYLINE BLACK
32.614	-3.316
32.629	-3.346
POLYLINE BLACK
32.419	-3.376
32.449	-3.376
POLYLINE BLACK
33.244	-1.951
POLYLINE BLACK
33.259	-1.846
33.244	-1.876
POLYLINE BLACK
33.364	-1.696
33.304	-1.741
POLYLINE BLACK
33.409	-1.711
POLYLINE BLACK
33.514	-1.726
POLYLINE BLACK
33.514	-1.861
POLYLINE BLACK
33.514	-1.981
POLYLINE BLACK
33.484	-2.041
POLYLINE BLACK
33.409	-2.161
POLYLINE BLACK
33.364	-2.221
POLYLINE BLACK
33.304	-2.386
POLYLINE BLACK
33.079	-2.161
33.154	-2.041
33.184	-1.966
33.214	-1.936
33.214	-1.906
33.244	-1.846
POLYLINE BLACK
32.929	-2.371
32.929	-2.341
33.004	-2.296
33.019	-2.266
33.049	-2.266
33.094	-2.206
POLYLINE BLACK
33.184	-2.461
33.259	-2.461
33.424	-2.416
33.604	-2.386
33.664	-2.371
33.694	-2.371
33.739	-2.341
33.799	-2.341
33.859	-2.326
33.934	-2.311
33.994	-2.266
34.024	-2.266
34.084	-2.236
34.114	-2.236
34.144	-2.206
34.174	-2.206
34.204	-2.191
POLYLINE BLACK
33.544	-2.431
33.604	-2.386
33.634	-2.386
33.694	-2.371
33.724	-2.386
33.784	-2.356
33.814	-2.371
33.844	-2.356
33.874	-2.371
33.934	-2.356
33.964	-2.356
34.024	-2.326
POLYLINE BLACK
33.379	-2.446
POLYLINE BLACK
33.199	-2.476
POLYLINE BLACK
33.094	-2.491
POLYLINE BLACK
31.894	-3.841
32.044	-3.736
32.164	-3.631
32.254	-3.586
32.284	-3.541
32.404	-3.436
32.419	-3.406
32.449	-3.421
POLYLINE BLACK
31.984	-3.811
32.044	-3.781
POLYLINE BLACK
32.344	-2.671
32.494	-2.596
32.554	-2.551
32.689	-2.506
32.764	-2.506
32.794	-2.476
32.854	-2.476
32.914	-2.431
POLYLINE BLACK
32.539	-2.611
32.659	-2.521
32.689	-2.521
32.779	-2.461
32.809	-2.476
POLYLINE BLACK
31.579	-2.926
31.624	-2.866
31.729	-2.851
31.759	-2.821
31.789	-2.821
31.819	-2.806
31.849	-2.821
31.909	-2.791
31.939	-2.791
31.969	-2.776
32.029	-2.791
32.089	-2.791
32.209	-2.731
32.239	-2.731
32.269	-2.716
POLYLINE BLACK
31.189	-3.211
31.234	-3.136
31.414	-3.031
31.444	-3.031
31.564	-2.926
31.594	-2.926
31.624	-2.911
POLYLINE BLACK
30.529	-3.751
30.649	-3.691
30.769	-3.586
30.844	-3.556
30.964	-3.481
30.979	-3.451
31.129	-3.316
31.204	-3.211
POLYLINE BLACK
29.854	-3.886
29.944	-3.946
30.004	-3.916
30.139	-3.916
30.229	-3.856
30.259	-3.856
30.409	-3.796
30.439	-3.811
30.574	-3.751
POLYLINE BLACK
29.419	-3.991
29.449	-4.006
29.509	-3.991
29.614	-3.976
29.674	-3.991
29.704	-3.961
29.734	-3.961
29.764	-3.976
29.794	-3.961
29.839	-3.961
29.899	-3.946
POLYLINE BLACK
30.394	-4.711
30.424	-4.726
30.589	-4.651
30.679	-4.576
30.739	-4.531
30.769	-4.531
30.859	-4.471
30.889	-4.471
30.949	-4.426
30.979	-4.426
31.039	-4.396
31.084	-4.396
31.114	-4.381
31.144	-4.396
31.264	-4.306
31.309	-4.291
31.354	-4.231
31.459	-4.156
31.489	-4.111
31.549	-4.066
31.579	-4.066
31.624	-4.006
31.654	-4.006
31.774	-3.901
31.804	-3.901
31.864	-3.841
POLYLINE BLACK
29.089	-4.081
29.149	-4.096
29.239	-4.036
29.299	-4.036
29.329	-4.021
29.359	-4.036
29.449	-3.991
POLYLINE BLACK
28.804	-4.786
28.864	-4.831
28.924	-4.831
29.089	-4.876
29.149	-4.876
29.239	-4.846
29.344	-4.846
29.434	-4.801
29.539	-4.816
29.599	-4.801
29.629	-4.801
29.659	-4.786
29.689	-4.801
29.719	-4.786
29.749	-4.801
29.869	-4.771
29.914	-4.771
29.974	-4.741
30.004	-4.741
30.094	-4.696
30.154	-4.696
30.214	-4.681
30.349	-4.681
30.409	-4.696
30.529	-4.696
30.559	-4.681
30.589	-4.696
30.649	-4.681
30.679	-4.681
30.709	-4.696
30.814	-4.666
30.844	-4.666
30.904	-4.651
30.934	-4.651
31.054	-4.576
POLYLINE BLACK
26.779	-3.906
26.819	-3.906
26.919	-3.846
27.039	-3.846
27.139	-3.826
27.259	-3.846
27.699	-3.846
27.799	-3.866
28.019	-3.866
28.139	-3.906
28.239	-3.906
28.459	-3.966
28.639	-4.006
28.699	-4.006
28.779	-3.986
28.859	-3.986
28.959	-4.006
28.999	-4.046
29.159	-4.086
29.199	-4.106
POLYLINE BLACK
26.639	-4.646
26.739	-4.666
26.819	-4.686
27.059	-4.686
27.219	-4.726
27.279	-4.726
27.359	-4.746
27.399	-4.726
27.479	-4.786
27.559	-4.746
27.639	-4.766
27.899	-4.766
28.019	-4.806
28.079	-4.806
28.239	-4.846
28.519	-4.846
28.619	-4.806
28.719	-4.806
28.939	-4.726
29.019	-4.706
29.099	-4.646
POLYLINE BLACK
22.579	-5.546
22.659	-5.526
22.799	-5.526
22.899	-5.546
23.099	-5.546
23.139	-5.566
23.239	-5.546
23.299	-5.546
23.379	-5.526
23.479	-5.506
23.559	-5.486
23.699	-5.486
23.799	-5.446
23.859	-5.446
23.939	-5.426
23.999	-5.426
24.139	-5.366
24.199	-5.366
24.399	-5.306
24.439	-5.306
24.479	-5.266
24.559	-5.246
24.799	-5.186
24.879	-5.146
24.919	-5.166
25.279	-5.046
25.359	-5.046
25.659	-4.966
25.739	-4.906
25.819	-4.886
25.919	-4.846
25.959	-4.806
26.019	-4.806
26.179	-4.726
26.259	-4.706
26.479	-4.646
26.579	-4.626
26.659	-4.606
POLYLINE BLACK
22.819	-4.866
22.899	-4.866
22.999	-4.846
23.079	-4.826
23.179	-4.766
23.759	-4.566
23.799	-4.566
23.999	-4.446
24.059	-4.446
24.259	-4.386
24.419	-4.366
24.499	-4.346
24.739	-4.266
24.819	-4.246
25.119	-4.186
25.479	-4.106
25.739	-4.026
25.799	-4.026
26.019	-3.966
26.239	-3.906
26.379	-3.906
26.519	-3.886
26.659	-3.886
26.739	-3.866
26.859	-3.866
26.939	-3.846
26.979	-3.866
POLYLINE BLACK
20.619	-4.126
20.899	-4.186
21.199	-4.266
21.399	-4.286
21.619	-4.386
21.699	-4.406
21.779	-4.466
22.219	-4.666
22.379	-4.766
22.459	-4.786
22.559	-4.866
22.719	-4.866
POLYLINE BLACK
19.619	-5.126
19.919	-5.186
20.099	-5.206
20.179	-5.226
20.259	-5.246
20.399	-5.286
20.439	-5.266
20.519	-5.286
20.659	-5.286
20.819	-5.326
20.879	-5.326
20.959	-5.346
21.039	-5.366
21.179	-5.406
21.299	-5.406
21.539	-5.466
21.599	-5.466
21.719	-5.506
21.799	-5.526
21.879	-5.546
21.979	-5.566
22.019	-5.586
22.059	-5.566
22.139	-5.586
22.259	-5.586
22.339	-5.606
22.419	-5.586
22.499	-5.586
22.539	-5.606
22.619	-5.586
POLYLINE BLACK
12.769	8.724
12.739	8.844
12.739	9.024
12.709	9.144
12.679	9.264
12.559	9.684
12.529	9.804
12.319	10.584
12.169	10.884
12.139	11.004
12.079	11.274
12.049	11.394
12.049	11.484
11.869	12.144
11.839	12.354
11.689	12.774
11.449	13.104
11.179	13.314
10.999	13.434
10.879	13.434
10.609	13.314
10.429	13.074
10.399	12.954
10.339	12.624
10.339	11.514
10.369	11.304
10.369	11.154
10.429	10.944
10.429	10.824
10.819	10.014
10.819	9.564
10.969	9.024
10.999	8.754
11.029	8.634
10.999	8.424
10.999	8.094
11.149	7.644
11.149	7.524
11.269	7.284
11.329	7.284
11.359	7.194
11.539	7.134
11.659	7.164
11.719	7.104
11.959	7.164
12.019	7.104
12.199	7.194
12.259	7.164
12.709	7.494
12.889	7.764
13.039	8.004
13.159	8.364
13.129	8.484
13.009	8.664
12.889	8.934
12.859	9.054
POLYLINE CONNECT
11.839	8.874
6.146	1.391
POLYLINE BLACK
17.899	2.004
17.929	1.944
17.779	1.794
17.719	1.464
17.719	1.374
17.689	1.314
17.719	1.254
POLYLINE BLACK
17.749	1.704
17.779	1.824
17.809	1.944
17.869	2.184
18.019	2.634
18.169	2.874
18.169	2.934
18.409	3.264
18.409	3.324
18.559	3.564
18.559	3.654
18.589	3.774
18.679	4.134
18.919	4.554
18.919	4.854
18.949	4.974
18.949	5.634
18.889	5.904
18.799	6.414
18.679	6.804
18.619	6.864
18.589	6.984
18.529	7.164
18.409	7.284
18.289	7.284
18.169	7.344
18.079	7.344
17.899	7.254
17.749	7.014
17.749	6.924
17.509	6.684
17.419	6.444
17.419	6.264
17.329	6.144
17.299	5.874
17.269	5.754
17.239	5.634
17.149	5.244
17.089	5.004
16.939	4.614
16.939	3.804
16.969	3.594
16.999	3.414
16.969	3.294
16.969	3.114
16.999	2.994
17.059	2.694
17.119	2.334
17.149	2.004
17.149	1.824
17.269	1.494
17.269	1.224
POLYLINE CONNECT
17.479	4.614
15.721	-4.150
POLYLINE BLACK
20.554	-1.716
20.584	-1.656
20.584	-1.596
20.509	-1.476
20.389	-1.401
20.269	-1.341
20.239	-1.341
20.209	-1.311
20.179	-1.311
20.074	-1.251
20.014	-1.251
19.954	-1.221
19.924	-1.221
19.894	-1.236
19.834	-1.221
19.804	-1.221
19.654	-1.146
19.594	-1.086
19.564	-1.086
19.444	-1.026
19.414	-1.026
19.309	-0.966
19.219	-0.966
19.159	-0.936
19.129	-0.936
19.099	-0.906
19.069	-0.906
19.039	-0.921
18.979	-0.891
18.949	-0.891
18.889	-0.906
18.859	-0.936
18.859	-0.966
18.814	-1.026
18.814	-1.071
18.799	-1.131
18.799	-1.296
18.829	-1.356
18.829	-1.386
18.844	-1.416
18.844	-1.581
18.949	-1.701
18.979	-1.716
18.994	-1.746
19.054	-1.761
19.114	-1.821
19.174	-1.821
19.204	-1.836
19.279	-1.806
19.279	-1.776
19.309	-1.746
19.399	-1.746
19.429	-1.761
19.459	-1.731
19.519	-1.761
19.549	-1.761
19.714	-1.806
19.804	-1.806
19.834	-1.821
19.894	-1.806
19.924	-1.806
20.044	-1.836
20.179	-1.851
20.239	-1.866
20.269	-1.866
20.299	-1.851
20.464	-1.836
20.554	-1.791
20.584	-1.791
20.644	-1.746
20.674	-1.686
20.674	-1.656
20.614	-1.701
20.584	-1.701
POLYLINE CONNECT
19.339	-1.671
19.555	-4.880
POLYLINE BLACK
19.594	-4.836
POLYLINE BLACK
17.869	-5.451
17.929	-5.451
17.959	-5.421
18.034	-5.406
18.154	-5.346
18.199	-5.346
18.499	-5.271
18.634	-5.271
18.694	-5.241
18.754	-5.256
18.829	-5.241
18.859	-5.241
18.919	-5.211
18.979	-5.211
19.039	-5.196
19.069	-5.166
19.189	-5.166
19.249	-5.136
19.294	-5.151
19.354	-5.136
19.414	-5.136
19.474	-5.121
19.564	-5.121
19.594	-5.091
POLYLINE BLACK
18.109	-3.906
18.199	-4.071
18.319	-4.146
18.379	-4.176
18.469	-4.176
18.529	-4.221
18.589	-4.221
18.679	-4.281
18.904	-4.281
18.994	-4.251
19.054	-4.266
19.084	-4.266
19.114	-4.251
19.159	-4.251
19.279	-4.221
19.384	-4.221
19.474	-4.176
19.534	-4.176
19.564	-4.161
19.594	-4.176
19.669	-4.146
19.699	-4.116
19.729	-4.116
19.834	-4.071
19.969	-4.071
20.029	-4.086
20.194	-4.086
20.224	-4.116
20.254	-4.116
20.284	-4.101
20.359	-4.131
20.419	-4.101
20.449	-4.116
20.479	-4.101
20.539	-4.116
20.584	-4.116
20.644	-4.101
POLYLINE BLACK
17.329	-3.426
17.299	-3.546
17.359	-3.726
17.599	-3.876
17.989	-3.966
18.109	-3.936
18.229	-3.966
18.349	-3.936
POLYLINE BLACK
17.419	-6.036
17.419	-5.886
17.539	-5.706
17.929	-5.436
17.959	-5.376
POLYLINE BLACK
16.249	-1.776
16.429	-2.076
16.639	-2.316
16.819	-2.586
16.819	-2.676
17.029	-3.126
17.059	-3.246
17.209	-3.516
17.449	-3.726
17.749	-3.906
17.809	-3.876
17.929	-3.906
18.229	-3.906
POLYLINE BLACK
16.459	-6.846
16.399	-6.786
16.789	-6.396
17.089	-6.186
17.209	-6.096
17.299	-6.096
17.449	-5.916
17.509	-5.916
17.569	-5.856
17.179	-6.096
16.969	-6.246
16.759	-6.516
16.639	-6.636
16.489	-6.696
16.009	-7.236
15.829	-7.476
15.559	-7.836
POLYLINE BLACK
16.249	-1.746
16.429	-1.956
POLYLINE BLACK
16.969	-6.426
16.789	-6.546
16.549	-6.696
16.339	-6.906
16.219	-6.936
16.099	-7.056
16.039	-7.056
15.709	-7.386
15.559	-7.656
15.529	-7.776
15.349	-8.346
15.319	-8.466
15.199	-8.856
15.169	-9.006
15.139	-9.036
15.229	-8.766
15.349	-8.496
15.469	-8.136
15.559	-7.926
15.619	-7.866
15.649	-7.746
15.859	-7.416
16.069	-7.206
16.159	-7.176
16.459	-6.876
16.579	-6.816
POLYLINE BLACK
14.179	-0.096
14.689	-0.696
14.779	-0.786
14.929	-0.996
15.349	-1.326
15.649	-1.476
15.769	-1.506
16.189	-1.866
16.369	-1.896
POLYLINE BLACK
16.999	-6.486
16.789	-6.786
16.669	-6.966
16.369	-7.266
16.309	-7.266
16.069	-7.626
15.949	-7.806
15.769	-7.986
15.679	-8.136
15.259	-8.676
15.019	-9.036
14.869	-9.216
14.869	-9.276
POLYLINE BLACK
11.899	-4.056
12.049	-4.296
12.229	-4.716
12.499	-5.136
12.649	-5.796
12.679	-5.916
12.739	-6.216
12.949	-6.726
12.949	-7.116
12.919	-7.236
12.919	-7.416
12.949	-7.536
12.949	-7.626
13.039	-7.896
13.129	-8.286
13.159	-8.436
13.159	-9.006
13.189	-9.126
13.189	-9.516
13.159	-9.576
POLYLINE BLACK
13.039	0.234
13.189	0.204
13.309	0.144
13.369	0.054
13.579	0.054
13.699	0.024
13.759	0.024
13.879	-0.066
14.029	-0.066
14.149	-0.156
POLYLINE BLACK
11.899	0.534
12.019	0.354
12.319	0.204
12.379	0.204
12.469	0.144
12.589	0.114
12.769	0.024
13.069	0.024
POLYLINE BLACK
11.779	1.134
11.749	0.984
11.719	0.804
11.749	0.654
11.749	0.534
11.929	0.414
POLYLINE BLACK
9.379	-4.836
9.349	-4.956
9.319	-5.076
9.259	-5.136
POLYLINE BLACK
8.389	-4.806
8.419	-4.926
8.509	-5.106
8.509	-5.166
POLYLINE BLACK
8.209	-4.326
8.239	-4.386
POLYLINE BLACK
9.349	-4.656
9.319	-4.806
POLYLINE BLACK
9.319	-4.416
9.319	-4.536
POLYLINE BLACK
9.379	-4.026
9.379	-4.086
POLYLINE BLACK
9.439	-3.636
9.409	-3.726
POLYLINE BLACK
9.499	-3.396
9.469	-3.456
POLYLINE BLACK
9.589	-2.976
9.589	-3.066
POLYLINE BLACK
9.589	-2.736
POLYLINE BLACK
9.499	-2.436
9.529	-2.526
POLYLINE BLACK
9.469	-2.076
9.529	-2.196
POLYLINE BLACK
9.499	-1.776
9.499	-1.956
POLYLINE BLACK
7.939	-3.756
7.939	-3.906
7.999	-4.236
7.999	-4.536
7.969	-4.596
POLYLINE BLACK
7.789	-3.486
7.789	-3.546
POLYLINE BLACK
7.609	-2.886
7.579	-3.006
7.609	-3.066
POLYLINE BLACK
7.579	-2.286
7.549	-2.496
7.579	-2.556
POLYLINE BLACK
7.759	-1.926
POLYLINE BLACK
7.879	-1.506
7.849	-1.566
POLYLINE BLACK
7.669	-0.966
7.699	-1.026
POLYLINE BLACK
7.249	-0.576
7.339	-0.816
POLYLINE BLACK
7.549	-2.016
POLYLINE BLACK
11.569	-3.876
11.629	-3.876
11.899	-4.116
POLYLINE BLACK
10.279	-2.796
10.399	-2.826
10.519	-2.946
10.669	-3.036
10.789	-3.246
11.269	-3.726
11.509	-3.846
11.539	-3.906
11.599	-3.906
11.659	-3.996
POLYLINE BLACK
9.439	-1.686
9.559	-1.686
9.649	-1.656
9.949	-1.836
10.099	-2.016
10.219	-2.196
10.219	-2.286
10.309	-2.466
10.399	-2.826
10.429	-2.886
POLYLINE BLACK
8.719	-0.426
8.959	-0.666
9.139	-0.996
9.229	-1.116
9.259	-1.236
9.319	-1.386
9.679	-1.716
9.739	-1.746
POLYLINE BLACK
7.519	0.084
7.789	0.174
8.089	0.174
8.359	0.024
8.569	-0.306
8.659	-0.456
POLYLINE BLACK
6.019	-0.066
6.139	-0.006
6.289	-0.006
6.469	0.054
6.559	0.054
6.679	0.084
6.889	0.084
7.219	0.174
7.429	0.174
7.489	0.144
7.549	0.174
7.699	0.174
7.789	0.204
POLYLINE BLACK
10.609	2.394
10.729	2.394
10.999	2.304
11.269	2.034
11.569	1.584
11.629	1.344
11.659	1.074
11.659	0.924
11.689	0.804
11.689	0.684
POLYLINE BLACK
9.289	3.174
9.739	2.904
9.799	2.934
9.889	2.784
10.189	2.544
10.459	2.304
10.639	2.184
POLYLINE BLACK
8.209	3.414
8.359	3.264
8.629	3.144
8.959	3.144
9.019	3.174
9.139	3.144
9.349	3.144
9.469	3.054
POLYLINE BLACK
7.819	3.864
7.819	3.654
7.969	3.414
8.089	3.324
8.209	3.384
8.269	3.324
POLYLINE BLACK
6.589	5.844
6.649	5.784
6.919	5.844
7.039	5.844
7.279	5.664
7.489	5.364
7.489	5.274
7.519	5.154
7.609	4.704
7.609	4.524
7.669	4.254
7.729	4.014
7.759	3.894
7.969	3.654
POLYLINE BLACK
5.869	0.024
5.989	-0.006
6.109	0.024
6.289	0.054
6.409	0.024
6.529	0.084
6.589	0.054
POLYLINE BLACK
1.579	-1.656
1.459	-1.686
1.309	-1.656
1.159	-1.446
0.889	-1.356
0.829	-1.356
POLYLINE BLACK
2.029	-1.806
1.909	-1.776
POLYLINE BLACK
2.359	-1.986
2.329	-1.926
2.269	-1.926
POLYLINE BLACK
2.659	-2.226
2.599	-2.196
POLYLINE BLACK
3.439	-2.676
3.379	-2.616
3.319	-2.616
3.019	-2.346
2.929	-2.316
POLYLINE BLACK
3.859	-2.946
3.649	-2.826
POLYLINE BLACK
4.219	-2.946
4.159	-2.946
POLYLINE BLACK
4.609	-3.096
POLYLINE BLACK
5.089	-3.126
POLYLINE BLACK
4.999	-2.466
5.059	-2.526
POLYLINE BLACK
4.609	-2.166
4.729	-2.196
POLYLINE BLACK
4.339	-1.836
POLYLINE BLACK
3.949	-1.626
POLYLINE BLACK
3.799	-1.386
POLYLINE BLACK
3.379	-1.176
POLYLINE BLACK
3.169	-0.936
POLYLINE BLACK
2.779	-0.876
2.899	-0.846
POLYLINE BLACK
0.469	-1.206
0.949	-1.056
1.069	-1.026
1.219	-0.936
1.459	-0.816
1.939	-0.756
2.059	-0.726
2.269	-0.696
2.659	-0.606
2.839	-0.546
2.959	-0.546
3.139	-0.486
3.469	-0.486
3.529	-0.516
3.649	-0.486
3.769	-0.546
4.249	-0.396
4.309	-0.336
4.369	-0.336
4.489	-0.246
4.759	-0.186
5.059	-0.126
5.269	-0.096
5.329	-0.126
5.689	-0.006
5.749	0.054
6.049	0.114
6.169	0.174
POLYLINE BLACK
-0.131	2.664
0.739	2.934
0.859	2.994
0.949	2.994
1.129	3.084
1.279	3.084
1.549	3.234
2.119	3.504
2.209	3.504
2.509	3.594
2.839	3.444
2.959	3.444
3.319	3.624
3.709	3.954
4.279	4.314
4.549	4.524
4.879	4.764
5.059	4.944
5.329	5.154
5.509	5.334
5.689	5.454
5.809	5.574
6.019	5.694
6.139	5.724
6.409	5.814
6.469	5.784
6.589	5.814
6.649	5.784
6.769	5.844
6.829	5.814
